# Cod year: 1974 
       0.00   139634.82    74501.85    11417.98    15744.86     4600.55      956.19      436.10      392.85      329.84      268.07
       0.00        0.00        0.00        0.00        0.00        0.00        0.00        0.00        0.00        0.00        0.00
       0.00        0.00        0.00        0.00        0.00        0.00        0.00        0.00        0.00        0.00        0.00
       0.00        0.00        0.00        0.00        0.00        0.00        0.00        0.00        0.00        0.00        0.00
# Cod year: 1975 
       0.00   169861.81    63121.01    18848.81     4639.87     7525.18     2056.87      447.14      194.64      227.52      157.82
       0.00        0.00        0.00        0.00        0.00        0.00        0.00        0.00        0.00        0.00        0.00
       0.00        0.00        0.00        0.00        0.00        0.00        0.00        0.00        0.00        0.00        0.00
       0.00        0.00        0.00        0.00        0.00        0.00        0.00        0.00        0.00        0.00        0.00
# Cod year: 1976 
       0.00   232476.02   182989.33    18672.20     6707.14     1732.04     3055.51      919.78      130.36       66.51      105.09
       0.00        0.00        0.00        0.00        0.00        0.00        0.00        0.00        0.00        0.00        0.00
       0.00        0.00        0.00        0.00        0.00        0.00        0.00        0.00        0.00        0.00        0.00
       0.00        0.00        0.00        0.00        0.00        0.00        0.00        0.00        0.00        0.00        0.00
# Cod year: 1977 
       0.00   547728.85    98934.88    25989.26     4597.35     2285.63      833.05     1140.15      369.82      262.32      121.56
       0.00        0.00        0.00        0.00        0.00        0.00        0.00        0.00        0.00        0.00        0.00
       0.00        0.00        0.00        0.00        0.00        0.00        0.00        0.00        0.00        0.00        0.00
       0.00        0.00        0.00        0.00        0.00        0.00        0.00        0.00        0.00        0.00        0.00
# Cod year: 1978 
       0.00    58501.21   253025.47    17177.98     9396.00     2989.06     1102.94      408.10      403.05      152.26       79.33
       0.00        0.00        0.00        0.00        0.00        0.00        0.00        0.00        0.00        0.00        0.00
       0.00        0.00        0.00        0.00        0.00        0.00        0.00        0.00        0.00        0.00        0.00
       0.00        0.00        0.00        0.00        0.00        0.00        0.00        0.00        0.00        0.00        0.00
# Cod year: 1979 
       0.00   615698.26    96412.94    44383.64     4010.80     3374.58      708.15      395.74      138.87      156.84       58.66
       0.00        0.00        0.00        0.00        0.00        0.00        0.00        0.00        0.00        0.00        0.00
       0.00        0.00        0.00        0.00        0.00        0.00        0.00        0.00        0.00        0.00        0.00
       0.00        0.00        0.00        0.00        0.00        0.00        0.00        0.00        0.00        0.00        0.00
# Cod year: 1980 
       0.00  1248083.67   122047.90    34937.97    12274.39     1958.06     1268.63      493.70      196.69       73.49       80.63
       0.00        0.00        0.00        0.00        0.00        0.00        0.00        0.00        0.00        0.00        0.00
       0.00        0.00        0.00        0.00        0.00        0.00        0.00        0.00        0.00        0.00        0.00
       0.00        0.00        0.00        0.00        0.00        0.00        0.00        0.00        0.00        0.00        0.00
# Cod year: 1981 
       0.00   175862.78   221933.03    34646.07     8953.28     4087.99      778.90      599.17      133.38       64.45       57.03
       0.00        0.00        0.00        0.00        0.00        0.00        0.00        0.00        0.00        0.00        0.00
       0.00        0.00        0.00        0.00        0.00        0.00        0.00        0.00        0.00        0.00        0.00
       0.00        0.00        0.00        0.00        0.00        0.00        0.00        0.00        0.00        0.00        0.00
# Cod year: 1982 
       0.00   248166.42    73132.19    60005.22     9487.47     3446.75     2047.84      424.71      234.21       77.11       42.49
       0.00        0.00        0.00        0.00        0.00        0.00        0.00        0.00        0.00        0.00        0.00
       0.00        0.00        0.00        0.00        0.00        0.00        0.00        0.00        0.00        0.00        0.00
       0.00        0.00        0.00        0.00        0.00        0.00        0.00        0.00        0.00        0.00        0.00
# Cod year: 1983 
       0.00    80436.51   139525.76    21480.39    11786.79     2803.41     1245.64      589.01      179.27       88.80       50.58
       0.00        0.00        0.00        0.00        0.00        0.00        0.00        0.00        0.00        0.00        0.00
       0.00        0.00        0.00        0.00        0.00        0.00        0.00        0.00        0.00        0.00        0.00
       0.00        0.00        0.00        0.00        0.00        0.00        0.00        0.00        0.00        0.00        0.00
# Cod year: 1984 
       0.00   601879.36    78543.48    31091.87     4237.92     3414.98     1012.87      433.87      242.66       59.28       63.80
       0.00        0.00        0.00        0.00        0.00        0.00        0.00        0.00        0.00        0.00        0.00
       0.00        0.00        0.00        0.00        0.00        0.00        0.00        0.00        0.00        0.00        0.00
       0.00        0.00        0.00        0.00        0.00        0.00        0.00        0.00        0.00        0.00        0.00
# Cod year: 1985 
       0.00    72096.29   153956.75    19003.27     7779.00     1368.95     1257.49      370.74      172.01       78.09       46.30
       0.00        0.00        0.00        0.00        0.00        0.00        0.00        0.00        0.00        0.00        0.00
       0.00        0.00        0.00        0.00        0.00        0.00        0.00        0.00        0.00        0.00        0.00
       0.00        0.00        0.00        0.00        0.00        0.00        0.00        0.00        0.00        0.00        0.00
# Cod year: 1986 
       0.00   663346.68    38069.25    34276.64     5791.01     2980.65      601.59      553.51      170.14       68.75       67.25
       0.00        0.00        0.00        0.00        0.00        0.00        0.00        0.00        0.00        0.00        0.00
       0.00        0.00        0.00        0.00        0.00        0.00        0.00        0.00        0.00        0.00        0.00
       0.00        0.00        0.00        0.00        0.00        0.00        0.00        0.00        0.00        0.00        0.00
# Cod year: 1987 
       0.00    49450.72   189722.19     9761.48     8688.93     1528.24     1071.16      233.68      214.53       54.67       60.04
       0.00        0.00        0.00        0.00        0.00        0.00        0.00        0.00        0.00        0.00        0.00
       0.00        0.00        0.00        0.00        0.00        0.00        0.00        0.00        0.00        0.00        0.00
       0.00        0.00        0.00        0.00        0.00        0.00        0.00        0.00        0.00        0.00        0.00
# Cod year: 1988 
       0.00    36737.66    72108.89    43928.64     3116.68     2543.34      651.88      292.93       65.61       63.09       40.96
       0.00        0.00        0.00        0.00        0.00        0.00        0.00        0.00        0.00        0.00        0.00
       0.00        0.00        0.00        0.00        0.00        0.00        0.00        0.00        0.00        0.00        0.00
       0.00        0.00        0.00        0.00        0.00        0.00        0.00        0.00        0.00        0.00        0.00
# Cod year: 1989 
       0.00   198992.11    44768.30    18544.46     9791.41      994.39     1028.14      248.90      138.94       26.53       41.13
       0.00        0.00        0.00        0.00        0.00        0.00        0.00        0.00        0.00        0.00        0.00
       0.00        0.00        0.00        0.00        0.00        0.00        0.00        0.00        0.00        0.00        0.00
       0.00        0.00        0.00        0.00        0.00        0.00        0.00        0.00        0.00        0.00        0.00
# Cod year: 1990 
       0.00    45503.56   102026.96    11873.01     4298.63     2444.60      307.18      306.67       53.70       59.87       20.97
       0.00        0.00        0.00        0.00        0.00        0.00        0.00        0.00        0.00        0.00        0.00
       0.00        0.00        0.00        0.00        0.00        0.00        0.00        0.00        0.00        0.00        0.00
       0.00        0.00        0.00        0.00        0.00        0.00        0.00        0.00        0.00        0.00        0.00
# Cod year: 1991 
       0.00    60760.85    31527.59    17002.15     3266.53     1371.76     1039.09      221.96      137.47       27.43       13.62
       0.00        0.00        0.00        0.00        0.00        0.00        0.00        0.00        0.00        0.00        0.00
       0.00        0.00        0.00        0.00        0.00        0.00        0.00        0.00        0.00        0.00        0.00
       0.00        0.00        0.00        0.00        0.00        0.00        0.00        0.00        0.00        0.00        0.00
# Cod year: 1992 
       0.00   129572.05    41352.95     8524.80     4915.53     1040.80      481.71      323.45       50.88       38.90       26.06
       0.00        0.00        0.00        0.00        0.00        0.00        0.00        0.00        0.00        0.00        0.00
       0.00        0.00        0.00        0.00        0.00        0.00        0.00        0.00        0.00        0.00        0.00
       0.00        0.00        0.00        0.00        0.00        0.00        0.00        0.00        0.00        0.00        0.00
# Cod year: 1993 
       0.00    38120.82    82709.17    11145.02     3126.06     1545.90      426.24      199.63      106.27       17.42       22.62
       0.00        0.00        0.00        0.00        0.00        0.00        0.00        0.00        0.00        0.00        0.00
       0.00        0.00        0.00        0.00        0.00        0.00        0.00        0.00        0.00        0.00        0.00
       0.00        0.00        0.00        0.00        0.00        0.00        0.00        0.00        0.00        0.00        0.00
# Cod year: 1994 
       0.00   336091.61    41772.88    21044.70     3045.39      859.20      512.88      140.17       57.04       31.75       22.09
       0.00        0.00        0.00        0.00        0.00        0.00        0.00        0.00        0.00        0.00        0.00
       0.00        0.00        0.00        0.00        0.00        0.00        0.00        0.00        0.00        0.00        0.00
       0.00        0.00        0.00        0.00        0.00        0.00        0.00        0.00        0.00        0.00        0.00
# Cod year: 1995 
       0.00    60241.91   106083.68    12782.57     5222.59      790.40      281.96      148.29       41.23       14.46       17.93
       0.00        0.00        0.00        0.00        0.00        0.00        0.00        0.00        0.00        0.00        0.00
       0.00        0.00        0.00        0.00        0.00        0.00        0.00        0.00        0.00        0.00        0.00
       0.00        0.00        0.00        0.00        0.00        0.00        0.00        0.00        0.00        0.00        0.00
# Cod year: 1996 
       0.00    19124.33    59360.43    23809.38     3125.34     1834.24      393.11      159.33       86.61       42.07       11.95
       0.00        0.00        0.00        0.00        0.00        0.00        0.00        0.00        0.00        0.00        0.00
       0.00        0.00        0.00        0.00        0.00        0.00        0.00        0.00        0.00        0.00        0.00
       0.00        0.00        0.00        0.00        0.00        0.00        0.00        0.00        0.00        0.00        0.00
# Cod year: 1997 
       0.00   109552.00    42493.95    18430.28     6409.36     1221.44      690.34      151.17       46.70       14.09       24.62
       0.00        0.00        0.00        0.00        0.00        0.00        0.00        0.00        0.00        0.00        0.00
       0.00        0.00        0.00        0.00        0.00        0.00        0.00        0.00        0.00        0.00        0.00
       0.00        0.00        0.00        0.00        0.00        0.00        0.00        0.00        0.00        0.00        0.00
# Cod year: 1998 
       0.00    16700.83   171206.48    18293.44     5909.24     2378.51      504.29      233.27       40.71       15.74       16.45
       0.00        0.00        0.00        0.00        0.00        0.00        0.00        0.00        0.00        0.00        0.00
       0.00        0.00        0.00        0.00        0.00        0.00        0.00        0.00        0.00        0.00        0.00
       0.00        0.00        0.00        0.00        0.00        0.00        0.00        0.00        0.00        0.00        0.00
# Cod year: 1999 
       0.00    36792.61    15179.53    39903.73     3958.97     1418.56      614.00      218.59       89.06       14.12       11.57
       0.00        0.00        0.00        0.00        0.00        0.00        0.00        0.00        0.00        0.00        0.00
       0.00        0.00        0.00        0.00        0.00        0.00        0.00        0.00        0.00        0.00        0.00
       0.00        0.00        0.00        0.00        0.00        0.00        0.00        0.00        0.00        0.00        0.00
# Cod year: 2000 
       0.00    45117.70    27965.40     6309.98     6529.27      995.58      375.29      135.48       39.30       17.79        5.53
       0.00        0.00        0.00        0.00        0.00        0.00        0.00        0.00        0.00        0.00        0.00
       0.00        0.00        0.00        0.00        0.00        0.00        0.00        0.00        0.00        0.00        0.00
       0.00        0.00        0.00        0.00        0.00        0.00        0.00        0.00        0.00        0.00        0.00
# Cod year: 2001 
       0.00     7623.65    53402.73     6797.22     1113.80     1052.66      140.44       82.36       26.80       13.30        6.71
       0.00        0.00        0.00        0.00        0.00        0.00        0.00        0.00        0.00        0.00        0.00
       0.00        0.00        0.00        0.00        0.00        0.00        0.00        0.00        0.00        0.00        0.00
       0.00        0.00        0.00        0.00        0.00        0.00        0.00        0.00        0.00        0.00        0.00
# Cod year: 2002 
       0.00    30692.45    21265.31    17012.24     2804.69      395.07      384.15       58.11       38.22       18.10        4.32
       0.00        0.00        0.00        0.00        0.00        0.00        0.00        0.00        0.00        0.00        0.00
       0.00        0.00        0.00        0.00        0.00        0.00        0.00        0.00        0.00        0.00        0.00
       0.00        0.00        0.00        0.00        0.00        0.00        0.00        0.00        0.00        0.00        0.00
# Cod year: 2003 
       0.00     6134.91    14974.65     4327.52     3127.02      397.35       67.91       61.10       14.60        5.39        2.79
       0.00        0.00        0.00        0.00        0.00        0.00        0.00        0.00        0.00        0.00        0.00
       0.00        0.00        0.00        0.00        0.00        0.00        0.00        0.00        0.00        0.00        0.00
       0.00        0.00        0.00        0.00        0.00        0.00        0.00        0.00        0.00        0.00        0.00
# Cod year: 2004 
       0.00    21806.68    12452.13     7460.14     1649.62      944.48      154.99       28.69       19.33        6.10        1.75
       0.00        0.00        0.00        0.00        0.00        0.00        0.00        0.00        0.00        0.00        0.00
       0.00        0.00        0.00        0.00        0.00        0.00        0.00        0.00        0.00        0.00        0.00
       0.00        0.00        0.00        0.00        0.00        0.00        0.00        0.00        0.00        0.00        0.00
# Cod year: 2005 
       0.00    11222.16    16477.99     4830.61     1862.92      545.58      351.39       52.21       13.28       11.29        2.39
       0.00        0.00        0.00        0.00        0.00        0.00        0.00        0.00        0.00        0.00        0.00
       0.00        0.00        0.00        0.00        0.00        0.00        0.00        0.00        0.00        0.00        0.00
       0.00        0.00        0.00        0.00        0.00        0.00        0.00        0.00        0.00        0.00        0.00
# Cod year: 2006 
       0.00    28176.69    39742.75     6374.89     1019.58      524.13      187.36      121.15       22.96        3.77        1.13
       0.00        0.00        0.00        0.00        0.00        0.00        0.00        0.00        0.00        0.00        0.00
       0.00        0.00        0.00        0.00        0.00        0.00        0.00        0.00        0.00        0.00        0.00
       0.00        0.00        0.00        0.00        0.00        0.00        0.00        0.00        0.00        0.00        0.00
# Cod year: 2007 
       0.00    16946.79    29380.72     4921.18     2042.92      450.52      160.78       40.30       40.57        6.09        2.08
       0.00        0.00        0.00        0.00        0.00        0.00        0.00        0.00        0.00        0.00        0.00
       0.00        0.00        0.00        0.00        0.00        0.00        0.00        0.00        0.00        0.00        0.00
       0.00        0.00        0.00        0.00        0.00        0.00        0.00        0.00        0.00        0.00        0.00
# Cod year: 2008 
       0.00    11185.14    12598.55    11721.05     1368.81      719.53      224.29       69.62       25.89       13.10        2.23
       0.00        0.00        0.00        0.00        0.00        0.00        0.00        0.00        0.00        0.00        0.00
       0.00        0.00        0.00        0.00        0.00        0.00        0.00        0.00        0.00        0.00        0.00
       0.00        0.00        0.00        0.00        0.00        0.00        0.00        0.00        0.00        0.00        0.00
# Cod year: 2009 
       0.00    10127.23    13887.27     5494.28     3538.55      646.35      254.30       52.64       19.13       16.91       13.56
       0.00        0.00        0.00        0.00        0.00        0.00        0.00        0.00        0.00        0.00        0.00
       0.00        0.00        0.00        0.00        0.00        0.00        0.00        0.00        0.00        0.00        0.00
       0.00        0.00        0.00        0.00        0.00        0.00        0.00        0.00        0.00        0.00        0.00
# Cod year: 2010 
       0.00    10986.83    14187.83     5831.35     1646.32     1344.18      198.64       64.92       16.23        6.32        5.48
       0.00        0.00        0.00        0.00        0.00        0.00        0.00        0.00        0.00        0.00        0.00
       0.00        0.00        0.00        0.00        0.00        0.00        0.00        0.00        0.00        0.00        0.00
       0.00        0.00        0.00        0.00        0.00        0.00        0.00        0.00        0.00        0.00        0.00
# Cod year: 2011 
       0.00     5034.64    12391.06     4970.24     1488.63      616.27      454.54       48.99       28.20        4.96        3.72
       0.00        0.00        0.00        0.00        0.00        0.00        0.00        0.00        0.00        0.00        0.00
       0.00        0.00        0.00        0.00        0.00        0.00        0.00        0.00        0.00        0.00        0.00
       0.00        0.00        0.00        0.00        0.00        0.00        0.00        0.00        0.00        0.00        0.00
# Cod year: 2012 
       0.00    11814.78     7419.70     6789.36     2077.42      638.14      249.49      139.48       14.90        4.25        5.07
       0.00        0.00        0.00        0.00        0.00        0.00        0.00        0.00        0.00        0.00        0.00
       0.00        0.00        0.00        0.00        0.00        0.00        0.00        0.00        0.00        0.00        0.00
       0.00        0.00        0.00        0.00        0.00        0.00        0.00        0.00        0.00        0.00        0.00
# Cod year: 2013 
       0.00     6870.78     8743.12     3918.80     2988.53      948.68      229.32       99.54       37.81        4.81        2.27
       0.00        0.00        0.00        0.00        0.00        0.00        0.00        0.00        0.00        0.00        0.00
       0.00        0.00        0.00        0.00        0.00        0.00        0.00        0.00        0.00        0.00        0.00
       0.00        0.00        0.00        0.00        0.00        0.00        0.00        0.00        0.00        0.00        0.00
# Cod year: 2014 
       0.00     9995.46    10710.67     5809.68     1768.50     1344.70      337.17       64.40       37.81        5.55        2.29
       0.00        0.00        0.00        0.00        0.00        0.00        0.00        0.00        0.00        0.00        0.00
       0.00        0.00        0.00        0.00        0.00        0.00        0.00        0.00        0.00        0.00        0.00
       0.00        0.00        0.00        0.00        0.00        0.00        0.00        0.00        0.00        0.00        0.00
# Cod year: 2015 
       0.00     4665.85    15319.36     6868.72     2113.28      799.60      647.65      158.61       26.76        8.85        3.13
       0.00        0.00        0.00        0.00        0.00        0.00        0.00        0.00        0.00        0.00        0.00
       0.00        0.00        0.00        0.00        0.00        0.00        0.00        0.00        0.00        0.00        0.00
       0.00        0.00        0.00        0.00        0.00        0.00        0.00        0.00        0.00        0.00        0.00
# Cod year: 2016 
       0.00     3233.88     6976.59     8754.09     3407.74     1043.62      278.67      188.46       43.91        9.16        6.31
       0.00        0.00        0.00        0.00        0.00        0.00        0.00        0.00        0.00        0.00        0.00
       0.00        0.00        0.00        0.00        0.00        0.00        0.00        0.00        0.00        0.00        0.00
       0.00        0.00        0.00        0.00        0.00        0.00        0.00        0.00        0.00        0.00        0.00
# Cod year: 2017 
       0.00    10118.20     5054.03     4503.92     3987.38     1756.24      394.66       95.46       79.19       24.08       11.02
       0.00        0.00        0.00        0.00        0.00        0.00        0.00        0.00        0.00        0.00        0.00
       0.00        0.00        0.00        0.00        0.00        0.00        0.00        0.00        0.00        0.00        0.00
       0.00        0.00        0.00        0.00        0.00        0.00        0.00        0.00        0.00        0.00        0.00
# Cod year: 2018 
       0.00     2941.81    15042.99     4336.62     2185.68     1784.15      780.19      282.46       67.01       47.37       24.65
       0.00        0.00        0.00        0.00        0.00        0.00        0.00        0.00        0.00        0.00        0.00
       0.00        0.00        0.00        0.00        0.00        0.00        0.00        0.00        0.00        0.00        0.00
       0.00        0.00        0.00        0.00        0.00        0.00        0.00        0.00        0.00        0.00        0.00
# Cod year: 2019 
       0.00     4873.19     3435.31     6904.73     1091.92      932.79      488.44      329.41       81.37       60.48        7.63
       0.00        0.00        0.00        0.00        0.00        0.00        0.00        0.00        0.00        0.00        0.00
       0.00        0.00        0.00        0.00        0.00        0.00        0.00        0.00        0.00        0.00        0.00
       0.00        0.00        0.00        0.00        0.00        0.00        0.00        0.00        0.00        0.00        0.00
# Cod year: 2020 
       0.00    11725.31     7038.49     1918.61     1484.41      420.83      269.32      117.88       45.44       11.48       11.02
       0.00        0.00        0.00        0.00        0.00        0.00        0.00        0.00        0.00        0.00        0.00
       0.00        0.00        0.00        0.00        0.00        0.00        0.00        0.00        0.00        0.00        0.00
       0.00        0.00        0.00        0.00        0.00        0.00        0.00        0.00        0.00        0.00        0.00
# Cod year: 2021 
       0.00     3008.02     4046.81     2038.75      692.39      584.13      110.05      107.09       25.45       22.53        4.52
       0.00        0.00        0.00        0.00        0.00        0.00        0.00        0.00        0.00        0.00        0.00
       0.00        0.00        0.00        0.00        0.00        0.00        0.00        0.00        0.00        0.00        0.00
       0.00        0.00        0.00        0.00        0.00        0.00        0.00        0.00        0.00        0.00        0.00
# Cod year: 2022 
       0.00     3332.48     3744.80     3362.67     1265.43      438.37      253.13       65.89       32.20       23.76       17.76
       0.00        0.00        0.00        0.00        0.00        0.00        0.00        0.00        0.00        0.00        0.00
       0.00        0.00        0.00        0.00        0.00        0.00        0.00        0.00        0.00        0.00        0.00
       0.00        0.00        0.00        0.00        0.00        0.00        0.00        0.00        0.00        0.00        0.00
# N.sandeel year: 1974 
          0           0           0           0           0           0           0           0           0           0           0
     472100    19850200     1346500     1424400      350800           0           0           0           0           0           0
    9979300      384000       52700       11100       12000           0           0           0           0           0           0
          0           0           0           0           0           0           0           0           0           0           0
# N.sandeel year: 1975 
          0           0           0           0           0           0           0           0           0           0           0
      99100     7185600     5249300     1507900      335200           0           0           0           0           0           0
    9281900       74000      105400        1300           0           0           0           0           0           0           0
          0           0           0           0           0           0           0           0           0           0           0
# N.sandeel year: 1976 
          0           0           0           0           0           0           0           0           0           0           0
     237000     5697200     1130000      445000      155100           0           0           0           0           0           0
    6125600      648000       83500      367800       36600           0           0           0           0           0           0
          0           0           0           0           0           0           0           0           0           0           0
# N.sandeel year: 1977 
          0           0           0           0           0           0           0           0           0           0           0
    3686200    24306500     2350500      516300      144000           0           0           0           0           0           0
    3067200     2855700      913300      141900      141100           0           0           0           0           0           0
          0           0           0           0           0           0           0           0           0           0           0
# N.sandeel year: 1978 
          0           0           0           0           0           0           0           0           0           0           0
          0     6126900     2337800      572500      143500           0           0           0           0           0           0
    7820200     1001000      307300       38900        1900           0           0           0           0           0           0
          0           0           0           0           0           0           0           0           0           0           0
# N.sandeel year: 1979 
          0           0           0           0           0           0           0           0           0           0           0
          0     2335200     1327600      242200       11800           0           0           0           0           0           0
   44202900     1310100      433100       66200        9500           0           0           0           0           0           0
          0           0           0           0           0           0           0           0           0           0           0
# N.sandeel year: 1980 
          0           0           0           0           0           0           0           0           0           0           0
      17300    13394100     8865000     1049600      827300           0           0           0           0           0           0
    8348800     1172700      213900       19400        7500           0           0           0           0           0           0
          0           0           0           0           0           0           0           0           0           0           0
# N.sandeel year: 1981 
          0           0           0           0           0           0           0           0           0           0           0
      17000     5505000     4109000      904000      174000           0           0           0           0           0           0
    9128000      346000       94000       14000        6000           0           0           0           0           0           0
          0           0           0           0           0           0           0           0           0           0           0
# N.sandeel year: 1982 
       0.00        0.00        0.00        0.00        0.00        0.00        0.00        0.00        0.00        0.00        0.00
       0.00  3742197.27  2267869.41   591433.11    90416.93        0.00        0.00        0.00        0.00        0.00        0.00
 3601451.84    35849.06        0.00        0.00        0.00        0.00        0.00        0.00        0.00        0.00        0.00
 3601451.84        0.00        0.00        0.00        0.00        0.00        0.00        0.00        0.00        0.00        0.00
# N.sandeel year: 1983 
       0.00        0.00        0.00        0.00        0.00        0.00        0.00        0.00        0.00        0.00        0.00
       0.00  5089101.74  1087835.79    79685.09    10744.06        0.00        0.00        0.00        0.00        0.00        0.00
 7680652.24   294177.43   306798.90    18446.77        0.00        0.00        0.00        0.00        0.00        0.00        0.00
       0.00        0.00        0.00        0.00        0.00        0.00        0.00        0.00        0.00        0.00        0.00
# N.sandeel year: 1984 
       0.00        0.00        0.00        0.00        0.00        0.00        0.00        0.00        0.00        0.00        0.00
       0.00  9791098.95  1378953.72   127871.64     3768.32        0.00        0.00        0.00        0.00        0.00        0.00
       0.00  1244070.64   124283.40    43901.10        0.00        0.00        0.00        0.00        0.00        0.00        0.00
       0.00        0.00        0.00        0.00        0.00        0.00        0.00        0.00        0.00        0.00        0.00
# N.sandeel year: 1985 
       0.00        0.00        0.00        0.00        0.00        0.00        0.00        0.00        0.00        0.00        0.00
       0.00  1794279.14  2197457.93   668849.59   320406.99        0.00        0.00        0.00        0.00        0.00        0.00
  511288.63   159686.13   350137.49   130385.93    16115.11        0.00        0.00        0.00        0.00        0.00        0.00
       0.00        0.00        0.00        0.00        0.00        0.00        0.00        0.00        0.00        0.00        0.00
# N.sandeel year: 1986 
        0.0         0.0         0.0         0.0         0.0         0.0         0.0         0.0         0.0         0.0         0.0
        0.0  30558467.1   3319629.6    255356.1         0.0         0.0         0.0         0.0         0.0         0.0         0.0
  8843340.6   8808490.0    588726.3         0.0         0.0         0.0         0.0         0.0         0.0         0.0         0.0
        0.0         0.0         0.0         0.0         0.0         0.0         0.0         0.0         0.0         0.0         0.0
# N.sandeel year: 1987 
       0.00        0.00        0.00        0.00        0.00        0.00        0.00        0.00        0.00        0.00        0.00
       0.00 34732303.53 14370298.63   463344.50   205195.42        0.00        0.00        0.00        0.00        0.00        0.00
   20527.95   260231.22     8933.04        0.00        0.00        0.00        0.00        0.00        0.00        0.00        0.00
       0.00        0.00        0.00        0.00        0.00        0.00        0.00        0.00        0.00        0.00        0.00
# N.sandeel year: 1988 
       0.00        0.00        0.00        0.00        0.00        0.00        0.00        0.00        0.00        0.00        0.00
       0.00  7013976.67 18449142.90   938755.48    18504.66        0.00        0.00        0.00        0.00        0.00        0.00
12532153.35  1218456.56   322895.74   113013.51    16144.79        0.00        0.00        0.00        0.00        0.00        0.00
       0.00        0.00        0.00        0.00        0.00        0.00        0.00        0.00        0.00        0.00        0.00
# N.sandeel year: 1989 
        0.0         0.0         0.0         0.0         0.0         0.0         0.0         0.0         0.0         0.0         0.0
        0.0  57795333.4   2263423.6   3452766.5         0.0         0.0         0.0         0.0         0.0         0.0         0.0
  2718415.9   3247622.3    220368.6         0.0         0.0         0.0         0.0         0.0         0.0         0.0         0.0
        0.0         0.0         0.0         0.0         0.0         0.0         0.0         0.0         0.0         0.0         0.0
# N.sandeel year: 1990 
       0.00        0.00        0.00        0.00        0.00        0.00        0.00        0.00        0.00        0.00        0.00
       0.00 12267205.87  3658344.66   541214.03   163862.38        0.00        0.00        0.00        0.00        0.00        0.00
14067829.89  1940470.47   397389.76    59259.88    17429.38        0.00        0.00        0.00        0.00        0.00        0.00
       0.00        0.00        0.00        0.00        0.00        0.00        0.00        0.00        0.00        0.00        0.00
# N.sandeel year: 1991 
       0.00        0.00        0.00        0.00        0.00        0.00        0.00        0.00        0.00        0.00        0.00
       0.00 33902452.22  1897014.53   735477.88   257579.26        0.00        0.00        0.00        0.00        0.00        0.00
18405394.84  1170613.39    37848.93    10813.98     4055.24        0.00        0.00        0.00        0.00        0.00        0.00
       0.00        0.00        0.00        0.00        0.00        0.00        0.00        0.00        0.00        0.00        0.00
# N.sandeel year: 1992 
       0.00        0.00        0.00        0.00        0.00        0.00        0.00        0.00        0.00        0.00        0.00
       0.00 13001954.21  5342511.02   640152.95   401742.08        0.00        0.00        0.00        0.00        0.00        0.00
 4622544.92    32644.13     2040.26        0.00        0.00        0.00        0.00        0.00        0.00        0.00        0.00
       0.00        0.00        0.00        0.00        0.00        0.00        0.00        0.00        0.00        0.00        0.00
# N.sandeel year: 1993 
       0.00        0.00        0.00        0.00        0.00        0.00        0.00        0.00        0.00        0.00        0.00
       0.00 16773470.69  1344582.24   455946.73  1681219.69        0.00        0.00        0.00        0.00        0.00        0.00
22229855.28  1096959.03   327610.49   123790.50    29015.18        0.00        0.00        0.00        0.00        0.00        0.00
       0.00        0.00        0.00        0.00        0.00        0.00        0.00        0.00        0.00        0.00        0.00
# N.sandeel year: 1994 
       0.00        0.00        0.00        0.00        0.00        0.00        0.00        0.00        0.00        0.00        0.00
       0.00 45260156.81  8871322.27  6124177.89  2277431.53        0.00        0.00        0.00        0.00        0.00        0.00
       0.00  3015225.05  1005368.53   169396.12    50571.84        0.00        0.00        0.00        0.00        0.00        0.00
       0.00        0.00        0.00        0.00        0.00        0.00        0.00        0.00        0.00        0.00        0.00
# N.sandeel year: 1995 
       0.00        0.00        0.00        0.00        0.00        0.00        0.00        0.00        0.00        0.00        0.00
       0.00 46918922.66  4187998.54   738595.46    88108.80        0.00        0.00        0.00        0.00        0.00        0.00
  650978.64  1348455.58   160179.31    36851.22    25719.07        0.00        0.00        0.00        0.00        0.00        0.00
       0.00        0.00        0.00        0.00        0.00        0.00        0.00        0.00        0.00        0.00        0.00
# N.sandeel year: 1996 
       0.00        0.00        0.00        0.00        0.00        0.00        0.00        0.00        0.00        0.00        0.00
       0.00  8070444.04  4799231.10   830962.39   506688.78        0.00        0.00        0.00        0.00        0.00        0.00
23605238.83  5457234.18   323533.71    83565.78   314155.95        0.00        0.00        0.00        0.00        0.00        0.00
       0.00        0.00        0.00        0.00        0.00        0.00        0.00        0.00        0.00        0.00        0.00
# N.sandeel year: 1997 
       0.00        0.00        0.00        0.00        0.00        0.00        0.00        0.00        0.00        0.00        0.00
       0.00 88369907.56  1495530.27  2556372.69  1102376.26        0.00        0.00        0.00        0.00        0.00        0.00
  257948.21 17800774.01   262371.57   146615.96    19222.47        0.00        0.00        0.00        0.00        0.00        0.00
       0.00        0.00        0.00        0.00        0.00        0.00        0.00        0.00        0.00        0.00        0.00
# N.sandeel year: 1998 
       0.00        0.00        0.00        0.00        0.00        0.00        0.00        0.00        0.00        0.00        0.00
       0.00  5966183.50 33285117.74  1873841.16   295443.15        0.00        0.00        0.00        0.00        0.00        0.00
33708355.09   679647.65  1816468.21    31590.01     5855.14        0.00        0.00        0.00        0.00        0.00        0.00
       0.00        0.00        0.00        0.00        0.00        0.00        0.00        0.00        0.00        0.00        0.00
# N.sandeel year: 1999 
        0.0         0.0         0.0         0.0         0.0         0.0         0.0         0.0         0.0         0.0         0.0
        0.0   7219810.6   1815588.8   2702740.8    442233.6         0.0         0.0         0.0         0.0         0.0         0.0
 24919742.7   2003003.1    196052.7    752092.2    353256.4         0.0         0.0         0.0         0.0         0.0         0.0
        0.0         0.0         0.0         0.0         0.0         0.0         0.0         0.0         0.0         0.0         0.0
# N.sandeel year: 2000 
       0.00        0.00        0.00        0.00        0.00        0.00        0.00        0.00        0.00        0.00        0.00
       0.00 28692111.23  4742939.77   626793.99  1148327.51        0.00        0.00        0.00        0.00        0.00        0.00
  340724.21   539272.45    65393.99    58513.22    82607.49        0.00        0.00        0.00        0.00        0.00        0.00
       0.00        0.00        0.00        0.00        0.00        0.00        0.00        0.00        0.00        0.00        0.00
# N.sandeel year: 2001 
       0.00        0.00        0.00        0.00        0.00        0.00        0.00        0.00        0.00        0.00        0.00
       0.00  6764963.36  3081260.30   191992.24   411870.96        0.00        0.00        0.00        0.00        0.00        0.00
29761401.88 11600101.58    74737.60     6179.25    47416.10        0.00        0.00        0.00        0.00        0.00        0.00
       0.00        0.00        0.00        0.00        0.00        0.00        0.00        0.00        0.00        0.00        0.00
# N.sandeel year: 2002 
       0.00        0.00        0.00        0.00        0.00        0.00        0.00        0.00        0.00        0.00        0.00
       0.00 15155919.28  3285936.80  1080674.80   410233.44        0.00        0.00        0.00        0.00        0.00        0.00
       0.00   129396.24    10153.59    13448.27     4934.35        0.00        0.00        0.00        0.00        0.00        0.00
       0.00        0.00        0.00        0.00        0.00        0.00        0.00        0.00        0.00        0.00        0.00
# N.sandeel year: 2003 
       0.00        0.00        0.00        0.00        0.00        0.00        0.00        0.00        0.00        0.00        0.00
       0.00  1444731.54  1146766.03   158628.80   513572.30        0.00        0.00        0.00        0.00        0.00        0.00
 7535064.47   211307.31   140534.27     6200.42     2041.03        0.00        0.00        0.00        0.00        0.00        0.00
       0.00        0.00        0.00        0.00        0.00        0.00        0.00        0.00        0.00        0.00        0.00
# N.sandeel year: 2004 
       0.00        0.00        0.00        0.00        0.00        0.00        0.00        0.00        0.00        0.00        0.00
       0.00  6984642.66   647561.01   263655.71   227920.52        0.00        0.00        0.00        0.00        0.00        0.00
 2497480.68  1413002.02    38000.94     8084.87    21515.13        0.00        0.00        0.00        0.00        0.00        0.00
       0.00        0.00        0.00        0.00        0.00        0.00        0.00        0.00        0.00        0.00        0.00
# N.sandeel year: 2005 
       0.00        0.00        0.00        0.00        0.00        0.00        0.00        0.00        0.00        0.00        0.00
       0.00  2250586.64   457516.39    28977.58    84492.20        0.00        0.00        0.00        0.00        0.00        0.00
     284.51    59269.32    27954.77     2751.85     7379.06        0.00        0.00        0.00        0.00        0.00        0.00
       0.00        0.00        0.00        0.00        0.00        0.00        0.00        0.00        0.00        0.00        0.00
# N.sandeel year: 2006 
       0.00        0.00        0.00        0.00        0.00        0.00        0.00        0.00        0.00        0.00        0.00
       0.00  1116574.76   232967.13    44832.47    22579.14        0.00        0.00        0.00        0.00        0.00        0.00
       0.03   265832.93    31805.86    11643.15     6815.97        0.00        0.00        0.00        0.00        0.00        0.00
       0.00        0.00        0.00        0.00        0.00        0.00        0.00        0.00        0.00        0.00        0.00
# N.sandeel year: 2007 
       0.00        0.00        0.00        0.00        0.00        0.00        0.00        0.00        0.00        0.00        0.00
       0.00  8975371.39   652856.46   107399.93    30110.73        0.00        0.00        0.00        0.00        0.00        0.00
       0.11       16.97        2.66        0.18        0.07        0.00        0.00        0.00        0.00        0.00        0.00
       0.00        0.00        0.00        0.00        0.00        0.00        0.00        0.00        0.00        0.00        0.00
# N.sandeel year: 2008 
       0.00        0.00        0.00        0.00        0.00        0.00        0.00        0.00        0.00        0.00        0.00
       0.00  4615071.32  2063927.43   403047.75   144170.17        0.00        0.00        0.00        0.00        0.00        0.00
       1.62    42187.73    11622.23     1159.30      240.39        0.00        0.00        0.00        0.00        0.00        0.00
       0.00        0.00        0.00        0.00        0.00        0.00        0.00        0.00        0.00        0.00        0.00
# N.sandeel year: 2009 
       0.00        0.00        0.00        0.00        0.00        0.00        0.00        0.00        0.00        0.00        0.00
       0.00  2575036.37   155806.33    11026.41     5244.33        0.00        0.00        0.00        0.00        0.00        0.00
  263157.21  1111752.05    24381.53     3208.01     2351.54        0.00        0.00        0.00        0.00        0.00        0.00
       0.00        0.00        0.00        0.00        0.00        0.00        0.00        0.00        0.00        0.00        0.00
# N.sandeel year: 2010 
       0.00        0.00        0.00        0.00        0.00        0.00        0.00        0.00        0.00        0.00        0.00
       0.00  3865414.85  1562618.05   342945.75   123296.82        0.00        0.00        0.00        0.00        0.00        0.00
     368.85   592393.53    18801.41    12584.50     2159.38        0.00        0.00        0.00        0.00        0.00        0.00
       0.00        0.00        0.00        0.00        0.00        0.00        0.00        0.00        0.00        0.00        0.00
# N.sandeel year: 2011 
       0.00        0.00        0.00        0.00        0.00        0.00        0.00        0.00        0.00        0.00        0.00
       0.00   666732.45  5493863.76   352146.63    67066.68        0.00        0.00        0.00        0.00        0.00        0.00
       0.00        0.00        0.00        0.00        0.00        0.00        0.00        0.00        0.00        0.00        0.00
       0.00        0.00        0.00        0.00        0.00        0.00        0.00        0.00        0.00        0.00        0.00
# N.sandeel year: 2012 
       0.00        0.00        0.00        0.00        0.00        0.00        0.00        0.00        0.00        0.00        0.00
       0.00    32035.48   155511.05  1073600.54   327276.74        0.00        0.00        0.00        0.00        0.00        0.00
    5339.24    11375.45    79909.26     1278.88       20.59        0.00        0.00        0.00        0.00        0.00        0.00
       0.00        0.00        0.00        0.00        0.00        0.00        0.00        0.00        0.00        0.00        0.00
# N.sandeel year: 2013 
       0.00        0.00        0.00        0.00        0.00        0.00        0.00        0.00        0.00        0.00        0.00
       0.00  2020918.93   392018.35    99100.38   124702.07        0.00        0.00        0.00        0.00        0.00        0.00
       0.00    21895.56     3479.54     2796.22      481.85        0.00        0.00        0.00        0.00        0.00        0.00
       0.00        0.00        0.00        0.00        0.00        0.00        0.00        0.00        0.00        0.00        0.00
# N.sandeel year: 2014 
       0.00        0.00        0.00        0.00        0.00        0.00        0.00        0.00        0.00        0.00        0.00
       0.00  9684822.88  3230336.45   368612.76   151680.50        0.00        0.00        0.00        0.00        0.00        0.00
  176495.57    35189.86    31401.62    14525.25    31449.26        0.00        0.00        0.00        0.00        0.00        0.00
       0.00        0.00        0.00        0.00        0.00        0.00        0.00        0.00        0.00        0.00        0.00
# N.sandeel year: 2015 
       0.00        0.00        0.00        0.00        0.00        0.00        0.00        0.00        0.00        0.00        0.00
       0.00  8492810.65  1948656.88   250656.00   148615.48        0.00        0.00        0.00        0.00        0.00        0.00
       0.04     9886.79    19309.69    16456.64     6370.95        0.00        0.00        0.00        0.00        0.00        0.00
       0.00        0.00        0.00        0.00        0.00        0.00        0.00        0.00        0.00        0.00        0.00
# N.sandeel year: 2016 
       0.00        0.00        0.00        0.00        0.00        0.00        0.00        0.00        0.00        0.00        0.00
       0.00   403351.07  2473290.64   237705.48   245721.08        0.00        0.00        0.00        0.00        0.00        0.00
     647.93      222.26        1.50        0.00        0.00        0.00        0.00        0.00        0.00        0.00        0.00
       0.00        0.00        0.00        0.00        0.00        0.00        0.00        0.00        0.00        0.00        0.00
# N.sandeel year: 2017 
       0.00        0.00        0.00        0.00        0.00        0.00        0.00        0.00        0.00        0.00        0.00
       0.00 26600333.90   409462.63   576005.70   145077.95        0.00        0.00        0.00        0.00        0.00        0.00
       0.00   443040.76     4401.64      976.51       86.45        0.00        0.00        0.00        0.00        0.00        0.00
       0.00        0.00        0.00        0.00        0.00        0.00        0.00        0.00        0.00        0.00        0.00
# N.sandeel year: 2018 
       0.00        0.00        0.00        0.00        0.00        0.00        0.00        0.00        0.00        0.00        0.00
       0.00   719036.98  7489500.09   298976.42  1359919.45        0.00        0.00        0.00        0.00        0.00        0.00
       1.21     1578.42    49561.68     1483.53      885.16        0.00        0.00        0.00        0.00        0.00        0.00
       0.00        0.00        0.00        0.00        0.00        0.00        0.00        0.00        0.00        0.00        0.00
# N.sandeel year: 2019 
       0.00        0.00        0.00        0.00        0.00        0.00        0.00        0.00        0.00        0.00        0.00
       0.00  6958726.19   910168.28  4318399.98   213625.03        0.00        0.00        0.00        0.00        0.00        0.00
     115.55      245.56       22.14      168.83        7.95        0.00        0.00        0.00        0.00        0.00        0.00
       0.00        0.00        0.00        0.00        0.00        0.00        0.00        0.00        0.00        0.00        0.00
# N.sandeel year: 2020 
       0.00        0.00        0.00        0.00        0.00        0.00        0.00        0.00        0.00        0.00        0.00
       0.00 26643109.78  2168976.76   469985.76  1321185.70        0.00        0.00        0.00        0.00        0.00        0.00
    3941.73    10937.71     1023.06      110.42     1398.42        0.00        0.00        0.00        0.00        0.00        0.00
       0.00        0.00        0.00        0.00        0.00        0.00        0.00        0.00        0.00        0.00        0.00
# N.sandeel year: 2021 
       0.00        0.00        0.00        0.00        0.00        0.00        0.00        0.00        0.00        0.00        0.00
       0.00  3000640.29  5436921.72  1104284.75  2609703.46        0.00        0.00        0.00        0.00        0.00        0.00
   11715.44    27103.29    79408.82    12096.65    40663.10        0.00        0.00        0.00        0.00        0.00        0.00
       0.00        0.00        0.00        0.00        0.00        0.00        0.00        0.00        0.00        0.00        0.00
# N.sandeel year: 2022 
          0           0           0           0           0           0           0           0           0           0           0
          0     5576215     1992690     1285342     1001614           0           0           0           0           0           0
          0           0           0           0           0           0           0           0           0           0           0
          0           0           0           0           0           0           0           0           0           0           0
-999 # Checksum