ParName   Value   Gradient
log_rec(16,1974)      2.19023    -0.183562
log_rec(16,1975)      1.69807     -0.14407
log_rec(16,1976)      2.58828     0.136228
log_rec(16,1977)      2.16545    -0.142864
log_rec(16,1978)      2.17951  -0.00481455
log_rec(16,1979)      2.63733   -0.0445123
log_rec(16,1980)      1.77836    -0.148957
log_rec(16,1981)      2.32694   -0.0148452
log_rec(16,1982)      1.76888   -0.0305608
log_rec(16,1983)      2.28244  -0.00898537
log_rec(16,1984)      1.17101   -0.0116732
log_rec(16,1985)      2.41487    0.0300907
log_rec(16,1986)      1.60995    0.0422074
log_rec(16,1987)      1.27387   -0.0436841
log_rec(16,1988)      1.65017    0.0527498
log_rec(16,1989)     0.976883    -0.183015
log_rec(16,1990)      1.10474   -0.0905437
log_rec(16,1991)      1.65736    0.0553807
log_rec(16,1992)      1.02098    -0.198535
log_rec(16,1993)      1.62104    0.0284378
log_rec(16,1994)      1.38481   -0.0401048
log_rec(16,1995)      1.14361   -0.0472698
log_rec(16,1996)      1.96636    0.0739209
log_rec(16,1997)     0.311445   0.00298257
log_rec(16,1998)     0.699816    0.0386698
log_rec(16,1999)      1.18822    0.0325497
log_rec(16,2000)     0.283995   -0.0497995
log_rec(16,2001)     0.277787    0.0847483
log_rec(16,2002)    0.0461809    -0.185515
log_rec(16,2003)     0.453999   -0.0480493
log_rec(16,2004)     0.359675    -0.140148
log_rec(16,2005)     0.958488    0.0518065
log_rec(16,2006)     0.252385   -0.0432228
log_rec(16,2007)     0.214932     0.096666
log_rec(16,2008)     0.353093    0.0740647
log_rec(16,2009)     0.617814     0.151927
log_rec(16,2010)   -0.0313083    0.0269038
log_rec(16,2011)     0.226454    0.0514466
log_rec(16,2012)     0.543384   -0.0728169
log_rec(16,2013)     0.582694    0.0634849
log_rec(16,2014)    0.0613553    0.0510277
log_rec(16,2015)    -0.341873     0.193102
log_rec(16,2016)     0.288328    -0.106746
log_rec(16,2017)    -0.690684    0.0571184
log_rec(16,2018)    -0.169297   -0.0637971
log_rec(16,2019)     0.131047   -0.0290764
log_rec(16,2020)    -0.185193    0.0291084
log_rec(16,2021)     0.210205  -0.00503148
log_rec(16,2022)      0.69997   0.00785137
log_rec(17,1974)      2.54848   -0.0341159
log_rec(17,1975)      2.28012   -0.0135025
log_rec(17,1976)      2.49085   0.00763678
log_rec(17,1977)      2.90216    0.0266628
log_rec(17,1978)      2.31228    0.0519456
log_rec(17,1979)      2.14995    0.0761633
log_rec(17,1980)      1.20838     0.157814
log_rec(17,1981)      1.17131    0.0990137
log_rec(17,1982)      1.01447    0.0544906
log_rec(17,1983)      1.54151     0.015623
log_rec(17,1984)      1.18046   0.00557868
log_rec(17,1985)      1.86891     0.159308
log_rec(17,1986)       1.8369     0.253471
log_rec(17,1987)      1.56351    0.0275454
log_rec(17,1988)       1.9272     0.207082
log_rec(17,1989)      1.30173     0.158024
log_rec(17,1990)      1.24156      0.18979
log_rec(17,1991)      1.29211    0.0843814
log_rec(17,1992)      1.47103    -0.246442
log_rec(17,1993)      1.41699   -0.0687088
log_rec(17,1994)      1.33297      -0.2228
log_rec(17,1995)     0.988461   -0.0967434
log_rec(17,1996)      0.80825    0.0838302
log_rec(17,1997)      1.11068     0.333053
log_rec(17,1998)      1.62005   -0.0237229
log_rec(17,1999)      1.77838   -0.0495089
log_rec(17,2000)      1.58494     0.114115
log_rec(17,2001)      1.44602   -0.0548702
log_rec(17,2002)     0.607136      0.14627
log_rec(17,2003)     0.667372    -0.288092
log_rec(17,2004)     0.836861     0.134103
log_rec(17,2005)     0.884616     0.149554
log_rec(17,2006)     0.673307     0.120879
log_rec(17,2007)      1.17312   -0.0177356
log_rec(17,2008)      1.08869     0.179353
log_rec(17,2009)      1.03789    0.0946075
log_rec(17,2010)      1.18515     0.076415
log_rec(17,2011)     0.665685    -0.133793
log_rec(17,2012)     0.411463    0.0160526
log_rec(17,2013)      1.00153    -0.169961
log_rec(17,2014)      1.01581   -0.0173886
log_rec(17,2015)      0.96057    -0.177797
log_rec(17,2016)      1.14361   -0.0973553
log_rec(17,2017)     0.721089    -0.132686
log_rec(17,2018)      1.01338      0.19059
log_rec(17,2019)      1.75978    -0.037385
log_rec(17,2020)      1.53965    0.0815902
log_rec(17,2021)     0.367551    0.0700347
log_rec(17,2022)      1.31894  -0.00753715
log_rec(18,1974)       3.1753    0.0105494
log_rec(18,1975)     0.580725     0.101541
log_rec(18,1976)     0.597055     0.115119
log_rec(18,1977)      1.08034    0.0721454
log_rec(18,1978)      1.70434     0.122261
log_rec(18,1979)      2.41078    0.0898133
log_rec(18,1980)      0.86577    0.0333121
log_rec(18,1981)      1.30975    0.0075215
log_rec(18,1982)     0.838088   -0.0285747
log_rec(18,1983)      2.08663    0.0989702
log_rec(18,1984)     0.538781     0.140371
log_rec(18,1985)     0.746855    0.0672363
log_rec(18,1986)      1.57139   -0.0377644
log_rec(18,1987)    -0.550822    0.0391342
log_rec(18,1988)    -0.574527   -0.0289839
log_rec(18,1989)   -0.0263285   -0.0050417
log_rec(18,1990)     0.894059     0.168007
log_rec(18,1991)      1.01152   -0.0347693
log_rec(18,1992)      1.38302   -0.0427229
log_rec(18,1993)     0.513066   -0.0196841
log_rec(18,1994)      1.77223    0.0288186
log_rec(18,1995)     0.661863    -0.155699
log_rec(18,1996)     0.779535    -0.260855
log_rec(18,1997)     0.116282    -0.288078
log_rec(18,1998)    -0.291657   -0.0186265
log_rec(18,1999)      2.29305     0.181367
log_rec(18,2000)     0.811206   -0.0631371
log_rec(18,2001)    -0.951852    0.0442215
log_rec(18,2002)    -0.800653    0.0554542
log_rec(18,2003)     -1.01756    0.0126866
log_rec(18,2004)     -1.17374    -0.048206
log_rec(18,2005)     0.836413     0.181182
log_rec(18,2006)    -0.683937  -0.00380901
log_rec(18,2007)     -1.03646    0.0101039
log_rec(18,2008)     -1.32025   -0.0344721
log_rec(18,2009)     0.664142    0.0874189
log_rec(18,2010)     -1.58291     0.105844
log_rec(18,2011)     -2.32959     0.161222
log_rec(18,2012)     -1.54671    0.0744487
log_rec(18,2013)     -1.73041    0.0407118
log_rec(18,2014)     0.408437     0.136635
log_rec(18,2015)     -1.06225     0.119684
log_rec(18,2016)    -0.607666      0.06701
log_rec(18,2017)     -1.35124    0.0412498
log_rec(18,2018)    -0.479058    -0.040795
log_rec(18,2019)      1.04676    0.0751071
log_rec(18,2020)       0.9809    0.0117174
log_rec(18,2021)    -0.311285    0.0175825
log_rec(18,2022)     0.303714    0.0091929
log_rec(19,1974)  -0.00497554     0.174691
log_rec(19,1975)    -0.578134   -0.0280145
log_rec(19,1976)    -0.313913   -0.0566585
log_rec(19,1977)    -0.464684     0.138533
log_rec(19,1978)     0.404132    0.0140336
log_rec(19,1979)     0.095555    -0.158977
log_rec(19,1980)    0.0205887   -0.0586927
log_rec(19,1981)    -0.158179   -0.0709597
log_rec(19,1982)    0.0468193    0.0594473
log_rec(19,1983)     0.796401   -0.0393278
log_rec(19,1984)     0.150356   -0.0760945
log_rec(19,1985)    0.0520926     0.138199
log_rec(19,1986)    -0.485835     0.223903
log_rec(19,1987)     -0.54407    0.0657948
log_rec(19,1988)    -0.337014     0.224479
log_rec(19,1989)    -0.481173    0.0165451
log_rec(19,1990)    -0.324706    -0.022549
log_rec(19,1991)     -0.53172     0.179128
log_rec(19,1992)     0.534117   -0.0865389
log_rec(19,1993)    -0.325372    0.0242673
log_rec(19,1994)    0.0816481   -0.0125928
log_rec(19,1995)    -0.695336   -0.0695475
log_rec(19,1996)   -0.0102148     0.122431
log_rec(19,1997)    -0.630901    -0.167533
log_rec(19,1998)     0.174875    0.0759164
log_rec(19,1999)     0.198147    0.0279479
log_rec(19,2000)    -0.115784     0.151602
log_rec(19,2001)     -0.41899    0.0267904
log_rec(19,2002)    0.0651904   -0.0678039
log_rec(19,2003)    -0.769198    0.0142122
log_rec(19,2004)    -0.578282   -0.0298678
log_rec(19,2005)    -0.932203      0.13422
log_rec(19,2006)    -0.922982     0.166259
log_rec(19,2007)    -0.342816     0.107742
log_rec(19,2008)    -0.984744    -0.192045
log_rec(19,2009)    -0.563159   -0.0157582
log_rec(19,2010)    -0.614704     0.104881
log_rec(19,2011)    -0.913753     0.156313
log_rec(19,2012)    -0.745808      0.26182
log_rec(19,2013)    -0.308101    0.0749093
log_rec(19,2014)    -0.359366    -0.134986
log_rec(19,2015)    -0.892887     0.207022
log_rec(19,2016)     -1.00034   0.00744204
log_rec(19,2017)     -1.11444   -0.0385903
log_rec(19,2018)    -0.947007    0.0816632
log_rec(19,2019)    -0.588791   -0.0448829
log_rec(19,2020)    -0.411794   0.00587074
log_rec(19,2021)    -0.411734    0.0140753
log_rec(19,2022)    -0.411786   0.00687971
log_rec(20,1974)    -0.152886    0.0585163
log_rec(20,1975)    -0.215038  -0.00526895
log_rec(20,1976)    -0.618189    0.0524584
log_rec(20,1977)     -1.98299     0.105087
log_rec(20,1978)    -0.784332    -0.181321
log_rec(20,1979)    -0.158755     0.088686
log_rec(20,1980)   -0.0454093     0.107928
log_rec(20,1981)     0.160058    0.0948426
log_rec(20,1982)     -1.15481    0.0967062
log_rec(20,1983)       -1.479   -0.0746417
log_rec(20,1984)     0.115652    0.0276357
log_rec(20,1985)    -0.664182    0.0402453
log_rec(20,1986)    -0.496519     0.173817
log_rec(20,1987)    -0.142246    -0.164689
log_rec(20,1988)    -0.577602    -0.069114
log_rec(20,1989)    -0.308617    0.0161058
log_rec(20,1990)    -0.600488     0.259639
log_rec(20,1991)    -0.511073    -0.140996
log_rec(20,1992)    -0.316572   -0.0474354
log_rec(20,1993)    -0.201338 -0.000892055
log_rec(20,1994)    -0.374485     0.140652
log_rec(20,1995)    -0.479305    -0.170758
log_rec(20,1996)    -0.489856     0.446151
log_rec(20,1997)    -0.689782    -0.115252
log_rec(20,1998)    -0.666873   -0.0263269
log_rec(20,1999)     -0.53637   -0.0591598
log_rec(20,2000)     -1.04534    -0.259617
log_rec(20,2001)     -0.27168    -0.114305
log_rec(20,2002)    0.0328834      0.11422
log_rec(20,2003)    -0.426169     -0.26643
log_rec(20,2004)     -0.10803     0.117224
log_rec(20,2005)      0.37438    -0.171887
log_rec(20,2006)     0.550843    0.0551022
log_rec(20,2007)      0.40628    0.0206383
log_rec(20,2008)     0.398469     0.125088
log_rec(20,2009)     0.298329     0.172861
log_rec(20,2010)     0.672463   -0.0310943
log_rec(20,2011)     0.645921    0.0108046
log_rec(20,2012)     0.174201    -0.043673
log_rec(20,2013)   -0.0748953  -0.00580535
log_rec(20,2014)    0.0853427   -0.0942396
log_rec(20,2015)    -0.713135   -0.0339513
log_rec(20,2016)    -0.113277     0.152126
log_rec(20,2017)    -0.485211    0.0573093
log_rec(20,2018)    -0.625602    0.0448183
log_rec(20,2019)     -0.11706   0.00345059
log_rec(20,2020)    0.0133794  -0.00999827
log_rec(20,2021)    -0.656083    0.0129356
log_rec(20,2022)    -0.298906    0.0104944
log_rec(21,1974)    -0.718069    0.0740541
log_rec(21,1975)     -1.56871    0.0517462
log_rec(21,1976)     -2.15971    0.0431713
log_rec(21,1977)     -2.44125    0.0665707
log_rec(21,1978)     -2.59096  -0.00654099
log_rec(21,1979)      -1.4652  -0.00791902
log_rec(21,1980)    -0.753232   -0.0150458
log_rec(21,1981)    -0.246309    0.0671247
log_rec(21,1982)     0.395844    0.0580762
log_rec(21,1983)     0.430244    0.0119087
log_rec(21,1984)      0.38988   -0.0472907
log_rec(21,1985)      1.00309   0.00502506
log_rec(21,1986)      1.22266  -0.00370265
log_rec(21,1987)     0.769186   0.00537566
log_rec(21,1988)     0.219082   0.00721514
log_rec(21,1989)    -0.067066   -0.0710724
log_rec(21,1990)   -0.0957122    -0.110568
log_rec(21,1991)    0.0023796  -0.00655653
log_rec(21,1992)     0.421568  -0.00868186
log_rec(21,1993)     0.508333      0.12592
log_rec(21,1994)      0.25406    -0.110936
log_rec(21,1995)     0.161582    0.0513069
log_rec(21,1996)     0.371129    -0.117692
log_rec(21,1997)    -0.182221   -0.0418117
log_rec(21,1998)    -0.315254   -0.0854362
log_rec(21,1999)     0.871731   -0.0333813
log_rec(21,2000)     0.304245    0.0226009
log_rec(21,2001)      1.40126    0.0193194
log_rec(21,2002)     0.264608    0.0748418
log_rec(21,2003)    -0.224016    0.0303592
log_rec(21,2004)     0.008295   -0.0309601
log_rec(21,2005)    -0.342376    0.0254894
log_rec(21,2006)    -0.146992    0.0159183
log_rec(21,2007)     0.179013     0.049853
log_rec(21,2008)     0.145931   -0.0338335
log_rec(21,2009)     0.372871     0.141913
log_rec(21,2010)     0.234379   -0.0306757
log_rec(21,2011)    -0.135242   -0.0245005
log_rec(21,2012)   -0.0961241  -0.00420553
log_rec(21,2013)     0.616591   -0.0329798
log_rec(21,2014)     0.776505   -0.0279255
log_rec(21,2015)    -0.513863   -0.0347752
log_rec(21,2016)    -0.250464   0.00531688
log_rec(21,2017)    -0.928538   -0.0613322
log_rec(21,2018)    -0.224326     0.025409
log_rec(21,2019)     -0.32607    0.0639159
log_rec(21,2020)    -0.209825    0.0483049
log_rec(21,2021)    -0.456767    0.0518104
log_rec(21,2022)   -0.0773028    0.0281044
log_rec(22,1974)    -0.182894   -0.0460873
log_rec(22,1975)     0.067128     0.113687
log_rec(22,1976)     0.752868   0.00232316
log_rec(22,1977)     0.225243    -0.019155
log_rec(22,1978)     0.432397   -0.0365392
log_rec(22,1979)      0.54593   -0.0762657
log_rec(22,1980)     -0.28629    0.0419872
log_rec(22,1981)    -0.386821     0.147385
log_rec(22,1982)    0.0295946   -0.0628193
log_rec(22,1983)     0.330622     -1.10118
log_rec(22,1984)    -0.422716    -0.280923
log_rec(22,1985)      1.31547     -0.16171
log_rec(22,1986)      1.64012    -0.264231
log_rec(22,1987)    -0.148606    -0.176153
log_rec(22,1988)      1.13767    -0.181622
log_rec(22,1989)     0.247369    0.0290623
log_rec(22,1990)      1.00609    0.0437618
log_rec(22,1991)     0.550188     0.217994
log_rec(22,1992)     0.948454   -0.0652484
log_rec(22,1993)      1.22697   -0.0396247
log_rec(22,1994)      1.12936   -0.0411613
log_rec(22,1995)     0.183814     0.176532
log_rec(22,1996)      2.35282    -0.697335
log_rec(22,1997)    -0.192067    0.0993981
log_rec(22,1998)      0.33113     0.331287
log_rec(22,1999)      1.01794     0.691527
log_rec(22,2000)      0.37412     0.063336
log_rec(22,2001)     0.314812    0.0349873
log_rec(22,2002)     -1.48894   0.00291499
log_rec(22,2003)    -0.427467    0.0746376
log_rec(22,2004)    -0.963744     0.541544
log_rec(22,2005)    -0.824077   0.00510338
log_rec(22,2006)    -0.355343   -0.0420041
log_rec(22,2007)    -0.840112    -0.129778
log_rec(22,2008)    -0.196453    -0.147972
log_rec(22,2009)     0.599794    -0.463103
log_rec(22,2010)     -1.85003    0.0319661
log_rec(22,2011)      -2.2645    0.0153436
log_rec(22,2012)    -0.341441   -0.0107116
log_rec(22,2013)     0.197637     -0.10174
log_rec(22,2014)     0.419283    -0.173018
log_rec(22,2015)     -2.28235    0.0254749
log_rec(22,2016)      1.59789     0.144372
log_rec(22,2017)      -1.2506       0.1973
log_rec(22,2018)      0.13131     0.129869
log_rec(22,2019)      1.02683     0.279302
log_rec(22,2020)    -0.312739    0.0709456
log_rec(22,2021)    -0.237606   -0.0326775
log_rec(22,2022)     0.393149   0.00108614
log_rec(23,1974)      1.11525   -0.0134217
log_rec(23,1975)     0.295312    0.0243459
log_rec(23,1976)     0.986259    -0.127058
log_rec(23,1977)      1.64696    -0.087753
log_rec(23,1978)     0.926975   -0.0536449
log_rec(23,1979)      1.11352    -0.159797
log_rec(23,1980)     0.238222    0.0381303
log_rec(23,1981)       2.0132   -0.0251604
log_rec(23,1982)    -0.428626    0.0539026
log_rec(23,1983)      1.59787   0.00201138
log_rec(23,1984)     0.531683   0.00498159
log_rec(23,1985)       2.2182    -0.134793
log_rec(23,1986)     0.208564   -0.0641776
log_rec(23,1987)    0.0626153    0.0547027
log_rec(23,1988)       1.2263     0.016905
log_rec(23,1989)     0.553518     0.153759
log_rec(23,1990)      1.11123     0.171271
log_rec(23,1991)      1.44232     0.133425
log_rec(23,1992)    0.0557933      0.13412
log_rec(23,1993)      1.29202    0.0477441
log_rec(23,1994)      1.64929     0.042892
log_rec(23,1995)     0.403188    0.0470449
log_rec(23,1996)      2.19405      0.16013
log_rec(23,1997)     0.231244     0.102214
log_rec(23,1998)     0.543954     0.129853
log_rec(23,1999)       1.0842      0.18691
log_rec(23,2000)      1.32127     0.143445
log_rec(23,2001)      1.48755     0.269279
log_rec(23,2002)    -0.881742    0.0502442
log_rec(23,2003)     0.410867    0.0131718
log_rec(23,2004)    -0.165895   -0.0248564
log_rec(23,2005)     0.598877    -0.044288
log_rec(23,2006)     0.176206   -0.0153318
log_rec(23,2007)      0.86477   0.00869493
log_rec(23,2008)     0.242786  -0.00162683
log_rec(23,2009)      1.75591    -0.139762
log_rec(23,2010)    -0.709793   -0.0202825
log_rec(23,2011)     -0.58448    0.0298442
log_rec(23,2012)     0.281318   -0.0165208
log_rec(23,2013)    -0.240104    -0.118986
log_rec(23,2014)     0.838493    -0.218543
log_rec(23,2015)    -0.706932    -0.123416
log_rec(23,2016)      1.07633    -0.111131
log_rec(23,2017)     -1.21144   -0.0380965
log_rec(23,2018)    -0.708833    -0.076595
log_rec(23,2019)     0.151586   -0.0553773
log_rec(23,2020)    -0.597546  0.000156643
log_rec(23,2021)   -0.0874066   -0.0669277
log_rec(23,2022)    -0.157959    0.0388102
log_rec(24,1974)       1.3743   -0.0258024
log_rec(24,1975)       1.4932   -0.0175923
log_rec(24,1976)      1.36272    0.0358183
log_rec(24,1977)     0.669935  7.83769e-05
log_rec(24,1978)      1.37567   -0.0306203
log_rec(24,1979)      1.43409   -0.0157949
log_rec(24,1980)     0.173902    0.0373097
log_rec(24,1981)      1.50794   -0.0430128
log_rec(24,1982)      1.29293  -0.00328499
log_rec(24,1983)     0.828236    0.0409828
log_rec(24,1984)     0.103098   0.00886668
log_rec(24,1985)    -0.335404    0.0482854
log_rec(24,1986)      0.35579  -0.00309303
log_rec(24,1987)     -1.01949    0.0559468
log_rec(24,1988)     0.289202   0.00704936
log_rec(24,1989)     0.187733   0.00439979
log_rec(24,1990)     0.558689   -0.0568257
log_rec(24,1991)      1.02342    -0.029815
log_rec(24,1992)     0.180615   -0.0137166
log_rec(24,1993)    0.0269586   -0.0264565
log_rec(24,1994)      1.12604     0.021047
log_rec(24,1995)    0.0785611    0.0960324
log_rec(24,1996)     0.936609    0.0417337
log_rec(24,1997)    -0.639348    0.0129771
log_rec(24,1998)    0.0391256   0.00737851
log_rec(24,1999)     0.733561   -0.0130622
log_rec(24,2000)    -0.718847  -0.00167518
log_rec(24,2001)    -0.610249    0.0295441
log_rec(24,2002)     -1.10474    0.0505067
log_rec(24,2003)     -2.03894    0.0467054
log_rec(24,2004)     -1.77505    0.0384534
log_rec(24,2005)    -0.632496     0.071765
log_rec(24,2006)     -1.01974  -0.00775673
log_rec(24,2007)    -0.543258     0.054263
log_rec(24,2008)     0.173143   -0.0375641
log_rec(24,2009)     0.435672   -0.0976039
log_rec(24,2010)     -1.68587   -0.0545473
log_rec(24,2011)     -1.33855    0.0163799
log_rec(24,2012)    -0.123378      0.07478
log_rec(24,2013)     -1.24448  -0.00317529
log_rec(24,2014)      0.34751   -0.0128781
log_rec(24,2015)     -0.62415   0.00694756
log_rec(24,2016)    -0.244682    0.0267549
log_rec(24,2017)     -1.05634    0.0144798
log_rec(24,2018)     0.329906    -0.024917
log_rec(24,2019)     0.538748    0.0335586
log_rec(24,2020)    -0.206259   -0.0109768
log_rec(24,2021)    -0.849686   -0.0319835
log_rec(24,2022)     0.285123   -0.0162316
log_rec(25,1974)      1.97363   -0.0216733
log_rec(25,1975)      2.58603    0.0187903
log_rec(25,1976)      1.42221   0.00320824
log_rec(25,1977)      2.22955  -0.00494538
log_rec(25,1978)      2.82819   -0.0306057
log_rec(25,1979)      1.87613  0.000750996
log_rec(25,1980)      1.48635   -0.0148926
log_rec(25,1981)     0.293162    0.0041258
log_rec(25,1982)    -0.269407    0.0402808
log_rec(25,1983)    0.0891263    0.0469776
log_rec(25,1984)    -0.897495     0.032965
log_rec(25,1985)     -1.17912    0.0584326
log_rec(25,1986)     0.326286    0.0492489
log_rec(25,1987)       -0.286    0.0220636
log_rec(25,1988)    -0.116696   -0.0389285
log_rec(25,1989)     0.193352   -0.0192297
log_rec(25,1990)     0.264995   -0.0335469
log_rec(25,1991)     0.505108   -0.0468913
log_rec(25,1992)     0.352362   -0.0628689
log_rec(25,1993)     0.974437   -0.0895927
log_rec(25,1994)     0.669387   -0.0736044
log_rec(25,1995)    -0.897979   -0.0897721
log_rec(25,1996)    -0.333556    -0.034945
log_rec(25,1997)    -0.379539   -0.0430339
log_rec(25,1998)     0.384755    0.0271914
log_rec(25,1999)     0.103068   -0.0177686
log_rec(25,2000)   -0.0860363   -0.0509177
log_rec(25,2001)    -0.090031   -0.0371264
log_rec(25,2002)   -0.0955748   -0.0848735
log_rec(25,2003)     0.132501     -0.10745
log_rec(25,2004)     0.978177   -0.0264391
log_rec(25,2005)     -0.18736   -0.0886758
log_rec(25,2006)   -0.0067059    -0.114336
log_rec(25,2007)    -0.387761   -0.0918568
log_rec(25,2008)     0.699397   -0.0489606
log_rec(25,2009)     0.487496   -0.0266571
log_rec(25,2010)     0.539864   -0.0315232
log_rec(25,2011)      0.11434    -0.067602
log_rec(25,2012)    -0.101317   -0.0181408
log_rec(25,2013)     0.952117   -0.0066107
log_rec(25,2014)     0.884428    -0.110613
log_rec(25,2015)     0.250018   -0.0927954
log_rec(25,2016)     0.362282   -0.0264773
log_rec(25,2017)     0.790789   -0.0924954
log_rec(25,2018)      0.76923   -0.0374341
log_rec(25,2019)      0.46762    -0.159803
log_rec(25,2020)   -0.0692899   -0.0600586
log_rec(25,2021)     0.385237   -0.0253978
log_rec(25,2022)      1.41977  -0.00980955
log_rec(26,1974)    -0.225005   -0.0602487
log_rec(26,1975)    -0.438186   -0.0155616
log_rec(26,1976)    -0.069287   -0.0520164
log_rec(26,1977)    -0.269699   -0.0269198
log_rec(26,1978)    -0.220575  -0.00495117
log_rec(26,1979)    0.0753358    0.0314059
log_rec(26,1980)    -0.066366  -0.00065895
log_rec(26,1981)     0.705551     0.103503
log_rec(26,1982)     0.317279    0.0199989
log_rec(26,1983)     0.252785    0.0356927
log_rec(26,1984)      0.50446     0.152186
log_rec(26,1985)      1.38568     0.157959
log_rec(26,1986)     0.626533    0.0147437
log_rec(26,1987)     0.633455     0.100265
log_rec(26,1988)     0.315663   -0.0623926
log_rec(26,1989)     0.164577     0.148502
log_rec(26,1990)     0.110826   -0.0665616
log_rec(26,1991)   -0.0471336    0.0889709
log_rec(26,1992)    -0.499129   -0.0590263
log_rec(26,1993)     -0.58004      0.05341
log_rec(26,1994)    -0.146628   -0.0695976
log_rec(26,1995)    -0.165939    -0.121264
log_rec(26,1996)     0.874978    -0.114495
log_rec(26,1997)   -0.0865783   -0.0783206
log_rec(26,1998)    -0.181406    0.0646373
log_rec(26,1999)   -0.0653349   -0.0644403
log_rec(26,2000)    -0.558319    -0.059546
log_rec(26,2001)     0.478576    0.0422925
log_rec(26,2002)    -0.640205   -0.0126116
log_rec(26,2003)      0.10489   -0.0337381
log_rec(26,2004)    -0.265532   -0.0150967
log_rec(26,2005)    -0.181423   -0.0206702
log_rec(26,2006)     0.272009    -0.472444
log_rec(26,2007)     0.126074   -0.0921206
log_rec(26,2008)    0.0780014     0.029842
log_rec(26,2009)     0.311161   -0.0563359
log_rec(26,2010)      0.46296    -0.243368
log_rec(26,2011)     0.278009   -0.0671149
log_rec(26,2012)     0.347619   -0.0236147
log_rec(26,2013)     0.385707    -0.142644
log_rec(26,2014)    -0.199873    -0.137912
log_rec(26,2015)    -0.119197    0.0617434
log_rec(26,2016)     0.208421    0.0978173
log_rec(26,2017)    -0.207439    0.0184106
log_rec(26,2018)      0.58566   -0.0819026
log_rec(26,2019)    0.0928991   -0.0603709
log_rec(26,2020)      -0.1019   -0.0458019
log_rec(26,2021)      1.07342   -0.0265295
log_rec(26,2022)     0.264816   0.00982019
log_rec(27,1974)     -1.54901    0.0885827
log_rec(27,1975)    -0.732473    0.0271606
log_rec(27,1976)    -0.507675    -0.153664
log_rec(27,1977)     -1.51071    0.0249702
log_rec(27,1978)     -2.73513    0.0759812
log_rec(27,1979)    -0.440114   -0.0820528
log_rec(27,1980)     -0.39212    0.0354465
log_rec(27,1981)    -0.462317    0.0525248
log_rec(27,1982)    -0.445788    0.0391827
log_rec(27,1983)     -1.09567   -0.0312377
log_rec(27,1984)    -0.912059  -0.00013349
log_rec(27,1985)    -0.440016   -0.0297936
log_rec(27,1986)     -1.21268   0.00533467
log_rec(27,1987)     0.772166    0.0646988
log_rec(27,1988)     -0.72187   0.00991954
log_rec(27,1989)   -0.0269707   -0.0382704
log_rec(27,1990)     -1.01279   -0.0475399
log_rec(27,1991)     0.545614 -6.36306e-05
log_rec(27,1992)     -1.02224     0.188167
log_rec(27,1993)     -1.36743    0.0922382
log_rec(27,1994)     -0.86428     0.270932
log_rec(27,1995)     -1.32632     0.071864
log_rec(27,1996)    0.0715869    -0.120713
log_rec(27,1997)    -0.722896    0.0903041
log_rec(27,1998)      -0.9338  0.000264238
log_rec(27,1999)    -0.638885     0.123447
log_rec(27,2000)     -1.24508    -0.107763
log_rec(27,2001)     -0.23846    -0.097792
log_rec(27,2002)     -1.00734   -0.0266813
log_rec(27,2003)     -1.61455   -0.0496597
log_rec(27,2004)     -1.53378    -0.020037
log_rec(27,2005)    -0.257337   -0.0647536
log_rec(27,2006)     -1.17727   -0.0396275
log_rec(27,2007)     -1.21221   0.00726244
log_rec(27,2008)     -1.00029    0.0754678
log_rec(27,2009)    -0.294454   0.00627615
log_rec(27,2010)   -0.0655747   0.00731628
log_rec(27,2011)     -1.43605   -0.0190223
log_rec(27,2012)    -0.902083     0.182534
log_rec(27,2013)    -0.489824     0.172859
log_rec(27,2014)    -0.848775   -0.0460761
log_rec(27,2015)     -1.27795    0.0165652
log_rec(27,2016)    -0.799063   -0.0878047
log_rec(27,2017)      -1.0889     0.059418
log_rec(27,2018)    -0.103574     0.123715
log_rec(27,2019)     -1.94618   -0.0248321
log_rec(27,2020)     -1.31943    0.0398004
log_rec(27,2021)    -0.882636   0.00953506
log_rec(27,2022)    -0.908501  -0.00538113
log_rec_older(16,1)      0.22525    -0.355651
log_rec_older(16,2)      -1.1815    -0.149512
log_rec_older(16,3)      -3.0379    -0.134486
log_rec_older(16,4)     -2.76053     0.145257
log_rec_older(16,5)     -3.95984    0.0579945
log_rec_older(16,6)     -5.54394    -0.118728
log_rec_older(16,7)     -6.26216    -0.173904
log_rec_older(16,8)      -6.2832   -0.0725443
log_rec_older(16,9)     -6.91338    -0.024847
log_rec_older(16,10)     -7.06515   0.00893282
log_rec_older(17,1)     0.424801     0.128496
log_rec_older(17,2)   -0.0585909       0.1083
log_rec_older(17,3)     -1.60759     0.102938
log_rec_older(17,4)     -3.60342   -0.0211147
log_rec_older(17,5)     -4.73003    0.0507048
log_rec_older(17,6)     -6.97615    -0.042599
log_rec_older(18,1)      1.56174      0.06622
log_rec_older(18,2)     -1.17285   -0.0860307
log_rec_older(18,3)    -0.752945    0.0834142
log_rec_older(18,4)     -2.62377  0.000399119
log_rec_older(18,5)     -5.86161  -0.00233696
log_rec_older(18,6)      -6.2553    0.0110575
log_rec_older(18,7)     -3.82514    0.0185305
log_rec_older(18,8)     -7.45711   0.00617489
log_rec_older(18,9)     -9.46946   0.00638017
log_rec_older(18,10)     -9.12716    0.0188629
log_rec_older(19,1)     0.579308   -0.0651406
log_rec_older(19,2)     -0.24983    0.0432938
log_rec_older(19,3)    -0.865061   0.00360913
log_rec_older(19,4)     -1.20375     0.198587
log_rec_older(19,5)     -1.67425     0.110109
log_rec_older(19,6)     -1.38974   -0.0274773
log_rec_older(19,7)     -1.79698     -0.22776
log_rec_older(19,8)     -2.47282   -0.0422755
log_rec_older(19,9)     -3.93253   -0.0220025
log_rec_older(19,10)     -3.50515    0.0300402
log_rec_older(20,1)    -0.505103    0.0717784
log_rec_older(20,2)     -1.41834    0.0121901
log_rec_older(20,3)    -0.317145    -0.138455
log_rec_older(20,4)     -1.57653   -0.0748653
log_rec_older(20,5)     -1.16077     0.131158
log_rec_older(20,6)    -0.445507    0.0645601
log_rec_older(20,7)     -1.14063   -0.0406205
log_rec_older(20,8)     -1.83575    0.0872717
log_rec_older(20,9)     -2.53758    0.0329626
log_rec_older(20,10)     -2.66459    0.0165929
log_rec_older(21,1)     -1.92035   -0.0399524
log_rec_older(21,2)     -2.53165    -0.113938
log_rec_older(21,3)     -3.11731    -0.364605
log_rec_older(21,4)     -4.35808    -0.471992
log_rec_older(21,5)     -5.46003    -0.503455
log_rec_older(21,6)     -6.41507    -0.585648
log_rec_older(21,7)      -7.4203    -0.690889
log_rec_older(21,8)     -7.24922    -0.760247
log_rec_older(22,1)    -0.156891    0.0114127
log_rec_older(22,2)     -2.74397    -0.956775
log_rec_older(22,3)     -3.19316     -3.30302
log_rec_older(22,4)     -4.80316     -3.64667
log_rec_older(23,1)    -0.842891    -0.111745
log_rec_older(23,2)     -1.47577    -0.228667
log_rec_older(23,3)     -3.63427   -0.0630358
log_rec_older(23,4)     -2.85844    -0.373825
log_rec_older(24,1)       1.0847   -0.0297151
log_rec_older(24,2)     -2.39699  0.000130104
log_rec_older(24,3)     -4.40465  -0.00604051
log_rec_older(25,1)      1.76506 -0.000555454
log_rec_older(25,2)     -1.64905    -0.016725
log_rec_older(25,3)      -3.9418   -0.0125604
log_rec_older(26,1)     0.135149    0.0675287
log_rec_older(26,2)    -0.148808    0.0710484
log_rec_older(26,3)     -2.09824    0.0650819
log_rec_older(26,4)     -2.53399     0.350445
log_rec_older(26,5)     -2.73459     0.203498
log_rec_older(26,6)     -3.16496      0.26125
log_rec_older(26,7)     -3.91898      0.24203
log_rec_older(26,8)     -4.23209     0.451815
log_rec_older(26,9)     -4.32408     0.412686
log_rec_older(26,10)     -2.97217     0.424901
log_rec_older(27,1)    -0.822946  -0.00645303
log_rec_older(27,2)    -0.817494    0.0482601
log_rec_older(27,3)      -1.5557    0.0416865
log_rec_older(27,4)     -2.98092     0.158526
log_rec_older(27,5)     -2.47603     0.132927
log_rec_older(27,6)     -3.82578    0.0394521
log_rec_older(27,7)     -3.86743    0.0617773
log_rec_older(27,8)      -4.5009     0.156874
log_rec_older(27,9)     -5.09911     0.160627
log_rec_older(27,10)     -2.50187     0.190575
F_y_ini(1)      1.04526     0.104268
F_y_ini(2)      1.16817    0.0704741
F_y_ini(3)      1.11813    0.0333991
F_y_ini(4)      1.31359  -0.00203815
F_y_ini(5)      1.05913   0.00744712
F_y_ini(6)      1.18864  -0.00943134
F_y_ini(7)      1.21463  -0.00154923
F_y_ini(8)      1.37624  -0.00851945
F_y_ini(9)       1.3707   -0.0104827
F_y_ini(10)      1.23451     0.020463
F_y_ini(11)      1.21688    0.0601182
F_y_ini(12)      1.29855    0.0267994
F_y_ini(13)      1.26279    0.0177373
F_y_ini(14)      1.27033    -0.018844
F_y_ini(15)      1.29666   -0.0230171
F_y_ini(16)      1.22469    0.0796681
F_y_ini(17)      1.18906     0.031369
F_y_ini(18)      1.07553   0.00879554
F_y_ini(19)     0.937653    0.0496262
F_y_ini(20)      0.91928    0.0832275
F_y_ini(21)     0.992724     0.112741
F_y_ini(22)     0.955204    0.0985724
F_y_ini(23)       1.2677    0.0570469
F_y_ini(24)       1.2492    0.0437453
F_y_ini(25)      1.21465  0.000120435
F_y_ini(26)     0.856954    0.0316836
F_y_ini(27)      1.13584   -0.0354478
F_y_ini(28)     0.727015   -0.0115602
F_y_ini(29)     0.805976    0.0467672
F_y_ini(30)     0.804754    0.0159749
F_y_ini(31)      0.84029    0.0483818
F_y_ini(32)      1.12246    0.0194713
F_y_ini(33)      1.11511    0.0227946
F_y_ini(34)      1.02614    0.0595978
F_y_ini(35)     0.819943  -0.00950248
F_y_ini(36)      0.78459  -0.00626378
F_y_ini(37)     0.741771   -0.0557162
F_y_ini(38)     0.725973   -0.0248408
F_y_ini(39)     0.756705   -0.0242409
F_y_ini(40)     0.746688    -0.023614
F_y_ini(41)     0.812233    0.0141962
F_y_ini(42)      1.16336   -0.0320458
F_y_ini(43)     0.949367    0.0341513
F_y_ini(44)     0.681902   -0.0311106
F_y_ini(45)     0.410118   -0.0599878
F_y_ini(46)     0.427274    0.0485065
F_y_ini(47)      1.00965   -0.0221188
F_y_ini(48)     0.935977   -0.0395895
F_y_ini(49)     0.698113   0.00756356
F_y_ini(50)     0.447457    0.0258829
F_y_ini(51)     0.511838   -0.0391642
F_y_ini(52)     0.481289  -0.00618905
F_y_ini(53)     0.504008    -0.025816
F_y_ini(54)     0.439427   -0.0461687
F_y_ini(55)     0.584588   -0.0389973
F_y_ini(56)     0.665061    -0.043828
F_y_ini(57)     0.502859   -0.0429539
F_y_ini(58)     0.645434   -0.0104205
F_y_ini(59)     0.592437   -0.0366324
F_y_ini(60)     0.551625    -0.036279
F_y_ini(61)     0.478437   -0.0340896
F_y_ini(62)     0.535587   -0.0926957
F_y_ini(63)      1.10831   -0.0420885
F_y_ini(64)      1.29279    -0.048961
F_y_ini(65)      1.20191    0.0159828
F_y_ini(66)     0.977883    0.0359585
F_y_ini(67)      0.88163    0.0319747
F_y_ini(68)      0.78139  -0.00841044
F_y_ini(69)     0.684483   -0.0262838
F_y_ini(70)     0.893498    -0.029343
F_y_ini(71)     0.742567   -0.0244298
F_y_ini(72)      0.47839   -0.0324428
F_y_ini(73)     0.459911    0.0059772
F_y_ini(74)     0.673543   -0.0039786
F_y_ini(75)     0.526121    0.0179862
F_y_ini(76)     0.483749  -0.00425733
F_y_ini(77)     0.631364  -0.00399036
F_y_ini(78)     0.946571  -0.00506408
F_y_ini(79)     0.849852   0.00191524
F_y_ini(80)     0.839628   -0.0136952
F_y_ini(81)     0.752391   0.00903068
F_y_ini(82)     0.805815    -0.029979
F_y_ini(83)     0.681742    0.0120923
F_y_ini(84)     0.703709   -0.0110127
F_y_ini(85)      0.88809    0.0136766
F_y_ini(86)     0.804217  -0.00403607
F_y_ini(87)     0.648877   0.00620327
F_y_ini(88)     0.600291   -0.0118503
F_y_ini(89)       0.6213  -0.00471936
F_y_ini(90)     0.525672   -0.0211607
F_y_ini(91)     0.408394   0.00129362
F_y_ini(92)     0.262553     0.025123
F_y_ini(93)      1.22592    0.0109957
F_y_ini(94)      1.13051  -0.00157451
F_y_ini(95)      1.12324   -0.0184146
F_y_ini(96)      1.17113   0.00101754
F_y_ini(97)      1.13605 -0.000925376
F_y_ini(98)      1.06352  -0.00918082
F_y_ini(99)     0.829751   -0.0319726
F_y_ini(100)     0.817631   -0.0330805
F_y_ini(101)      1.04776   -0.0210902
F_y_ini(102)      1.15055    0.0117858
F_y_ini(103)      1.03492    -0.087086
F_y_ini(104)      1.11921   -0.0473542
F_y_ini(105)      1.14289   -0.0683621
F_y_ini(106)      1.11515   -0.0689219
F_y_ini(107)      1.04461   -0.0743353
F_y_ini(108)      1.08038   -0.0804601
F_y_ini(109)     0.978174   -0.0301164
F_y_ini(110)      1.11503   -0.0167749
F_y_ini(111)       1.0535   -0.0124166
F_y_ini(112)     0.945219      0.01851
F_y_ini(113)      1.14492    0.0350603
F_y_ini(114)     0.878708    0.0726677
F_y_ini(115)     0.958333    0.0422892
F_y_ini(116)      1.18286   -0.0990877
F_y_ini(117)     0.803092    0.0598386
F_y_ini(118)     0.717458   -0.0534086
F_y_ini(119)     0.404722    -0.041439
F_y_ini(120)     0.448227   -0.0370779
F_y_ini(121)     0.467718   -0.0466711
F_y_ini(122)     0.744704   -0.0459807
F_y_ini(123)     0.677738   -0.0325848
F_y_ini(124)     0.454592 -0.000216127
F_y_ini(125)     0.416574     -0.13815
F_y_ini(126)     0.460557  -0.00579664
F_y_ini(127)      0.42748  -0.00542265
F_y_ini(128)     0.365352    0.0116721
F_y_ini(129)     0.323093    -0.216726
F_y_ini(130)      0.51653     0.170355
F_y_ini(131)     0.757754    -0.129252
F_y_ini(132)     0.596824   -0.0772646
F_y_ini(133)     0.535549    0.0616595
F_y_ini(134)      0.51157     0.106496
F_y_ini(135)     0.510645    0.0616111
F_y_ini(136)     0.414737    -0.161326
F_y_ini(137)     0.271008     0.130192
F_y_ini(138)     0.147186    0.0327488
F_y_ini(139)      1.14697   -0.0290572
F_y_ini(140)       1.2644   -0.0175525
F_y_ini(141)      1.59049    0.0373233
F_y_ini(142)     0.915208   -0.0116207
F_y_ini(143)     0.998186  -0.00882769
F_y_ini(144)      1.13927   -0.0209863
F_y_ini(145)      1.05131   -0.0188566
F_y_ini(146)      1.13176   -0.0226847
F_y_ini(147)       1.6964    0.0142367
F_y_ini(148)      1.36692    0.0300773
F_y_ini(149)      1.32512   -0.0304245
F_y_ini(150)      1.64345    0.0118471
F_y_ini(151)       1.4644    0.0264034
F_y_ini(152)      1.67345    0.0183387
F_y_ini(153)      1.53308  -0.00829365
F_y_ini(154)      1.32547   -0.0710551
F_y_ini(155)      1.22891    -0.101881
F_y_ini(156)      1.29873   -0.0486505
F_y_ini(157)     0.953414   -0.0301812
F_y_ini(158)      1.19533   -0.0152079
F_y_ini(159)      1.08524   -0.0146016
F_y_ini(160)     0.772889   -0.0107832
F_y_ini(161)     0.802321  0.000520998
F_y_ini(162)       1.0694   0.00162152
F_y_ini(163)     0.787279  -0.00679186
F_y_ini(164)     0.595038   -0.0278018
F_y_ini(165)     0.803392   0.00375018
F_y_ini(166)     0.829542    -0.035148
F_y_ini(167)     0.592237   -0.0232303
F_y_ini(168)     0.696527    0.0245925
F_y_ini(169)     0.656236  -0.00879695
F_y_ini(170)     0.564202    0.0240558
F_y_ini(171)     0.832116    -0.026115
F_y_ini(172)     0.870933  -0.00825839
F_y_ini(173)     0.884371   -0.0321541
F_y_ini(174)     0.834613   -0.0216223
F_y_ini(175)     0.787197    0.0227071
F_y_ini(176)     0.698428    0.0168346
F_y_ini(177)     0.722778  0.000783409
F_y_ini(178)     0.748106   -0.0528992
F_y_ini(179)     0.713533   -0.0497723
F_y_ini(180)     0.866329  -0.00517615
F_y_ini(181)     0.837086   -0.0256926
F_y_ini(182)     0.835188     -0.05281
F_y_ini(183)      0.61939   -0.0314473
F_y_ini(184)      0.41663    0.0571795
F_y_ini(185)      0.39698   -0.0130025
F_y_ini(186)      1.32611  -0.00401863
F_y_ini(187)      1.50027   0.00686573
F_y_ini(188)      1.17174   0.00971001
F_y_ini(189)      1.47707    0.0150367
F_y_ini(190)      1.82079   -0.0083784
F_y_ini(191)      1.03561   -0.0142971
F_y_ini(192)       1.0329  -0.00605417
F_y_ini(193)     0.883722   -0.0229727
F_y_ini(194)     0.909814  -0.00743011
F_y_ini(195)     0.806236    0.0171713
F_y_ini(196)     0.758048   -0.0148416
F_y_ini(197)     0.831633   -0.0405467
F_y_ini(198)     0.909845   -0.0227159
F_y_ini(199)     0.774679   0.00224748
F_y_ini(200)     0.837399    0.0017881
F_y_ini(201)      1.00276  -0.00735468
F_y_ini(202)      1.16823  0.000550127
F_y_ini(203)      1.32777   -0.0104962
F_y_ini(204)       1.4415  -0.00848128
F_y_ini(205)      1.36965  -0.00171274
F_y_ini(206)      1.01335   0.00229141
F_y_ini(207)     0.989279  -0.00540342
F_y_ini(208)      1.12678    0.0215668
F_y_ini(209)      1.15705   0.00578215
F_y_ini(210)      1.38126  -0.00919767
F_y_ini(211)      1.55688   -0.0159206
F_y_ini(212)       1.8665    0.0135097
F_y_ini(213)      1.79367   0.00181963
F_y_ini(214)     0.714619   -0.0295439
F_y_ini(215)     0.580998    0.0772453
F_y_ini(216)     0.654144   -0.0572807
F_y_ini(217)     0.584239   -0.0368909
F_y_ini(218)     0.532553   -0.0409114
F_y_ini(219)     0.492205   -0.0609714
F_y_ini(220)     0.460304    0.0287153
F_y_ini(221)     0.405717 -0.000823054
F_y_ini(222)     0.404843   -0.0160432
F_y_ini(223)     0.512174    -0.022679
F_y_ini(224)     0.475107  -0.00938512
F_y_ini(225)     0.447702    0.0226777
F_y_ini(226)     0.494484   -0.0267027
F_y_ini(227)     0.462327   -0.0618439
F_y_ini(228)     0.414116   -0.0130956
F_y_ini(229)     0.531049    0.0459441
F_y_ini(230)     0.653537 -1.09081e-05
F_y_ini(231)     0.711383   -0.0122965
F_y_ini(232)      1.60301    0.0715838
F_y_ini(233)     0.910386     0.097938
F_y_ini(234)     0.207776     0.149493
F_y_ini(235)     0.154062     0.166281
F_y_ini(236)     0.230942     0.167927
F_y_ini(237)     0.193425     0.211096
F_y_ini(238)      1.48949     0.304226
F_y_ini(239)      1.71928       0.3275
F_y_ini(240)      1.48748     0.322777
F_y_ini(241)      1.48086     0.326591
F_y_ini(242)      1.49434     0.345665
F_y_ini(243)      1.25688      0.35285
F_y_ini(244)      1.21447     0.345699
F_y_ini(245)      1.25019     0.349181
F_y_ini(246)      1.67696     0.347989
F_y_ini(247)      2.27797     0.308615
F_y_ini(248)      2.08716     0.265981
F_y_ini(249)      2.25814      0.26655
F_y_ini(250)     0.865403     0.289783
F_y_ini(251)      0.80458     0.233743
F_y_ini(252)      0.70585     0.223959
F_y_ini(253)     0.753108     0.170381
F_y_ini(254)      0.59377    0.0574171
F_y_ini(255)     0.563005     0.154544
F_y_ini(256)     0.648006   0.00907076
F_y_ini(257)     0.699896   -0.0706324
F_y_ini(258)     0.876684    -0.087278
F_y_ini(259)     0.678875   -0.0506425
F_y_ini(260)     0.570575    -0.165337
F_y_ini(261)     0.375885    -0.132975
F_y_ini(262)     0.220168      -0.1056
F_y_ini(263)     0.267195     -0.01129
F_y_ini(264)     0.269608    0.0638446
F_y_ini(265)     0.499088   -0.0217521
F_y_ini(266)     0.597725    0.0417836
F_y_ini(267)     0.577483    0.0555685
F_y_ini(268)     0.641595    0.0738146
F_y_ini(269)     0.622556    0.0688553
F_y_ini(270)     0.460482    0.0692497
F_y_ini(271)     0.549227   0.00770246
F_y_ini(272)     0.478917    0.0721559
F_y_ini(273)     0.546635    0.0116135
F_y_ini(274)     0.490153    -0.118617
F_y_ini(275)     0.663496    -0.119463
F_y_ini(276)      1.36676    -0.960157
F_y_ini(277)     0.787067    -0.493053
F_y_ini(278)      1.79904     0.529003
F_y_ini(279)     0.854575     0.110485
F_y_ini(280)     0.388759      0.25809
F_y_ini(281)      1.84884     0.136056
F_y_ini(282)      1.65663    -0.450524
F_y_ini(283)      1.48407    -0.306938
F_y_ini(284)     0.936667      2.61688
F_y_ini(285)     0.708445      1.39424
F_y_ini(286)     0.546943    -0.550095
F_y_ini(287)      1.50967      2.22927
F_y_ini(288)      1.47193      1.67419
F_y_ini(289)      1.57478      1.53373
F_y_ini(290)      1.96807      1.23886
F_y_ini(291)      1.52317     0.341124
F_y_ini(292)      1.35206     -1.16594
F_y_ini(293)      1.19293   -0.0847695
F_y_ini(294)     0.637567    0.0400958
F_y_ini(295)      2.21376     0.620214
F_y_ini(296)      1.45634    -0.909693
F_y_ini(297)      1.24342      1.95248
F_y_ini(298)     0.966788    -0.909426
F_y_ini(299)      1.31112     -1.56111
F_y_ini(300)      1.01548      -3.1251
F_y_ini(301)      1.74889     -3.31066
F_y_ini(302)      1.16765     -1.20688
F_y_ini(303)       1.9672    -0.116674
F_y_ini(304)     0.941352    -0.612774
F_y_ini(305)      2.09976     -1.66158
F_y_ini(306)     0.335082    -0.399562
F_y_ini(307)     0.989517     0.349987
F_y_ini(308)      2.44561     0.722273
F_y_ini(309)     0.422237      1.88532
F_y_ini(310)     0.625468      1.03892
F_y_ini(311)      1.06126     0.261016
F_y_ini(312)     0.250955     0.137348
F_y_ini(313)       0.7919    -0.196685
F_y_ini(314)      2.30774     0.800826
F_y_ini(315)     0.967215      1.07817
F_y_ini(316)     0.650037       0.3993
F_y_ini(317)      1.15221    -0.445089
F_y_ini(318)     0.514368     -1.40827
F_y_ini(319)     0.963052     -1.35176
F_y_ini(320)      1.20383    -0.810047
F_y_ini(321)     0.991802    -0.304454
F_y_ini(322)       1.4476   -0.0650461
F_y_ini(323)      1.28626   -0.0162882
F_y_ini(324)      2.91596    0.0121795
F_y_ini(325)      2.66103  -0.00860816
F_y_ini(326)      3.95545    0.0124465
F_y_ini(327)      4.37085    0.0369103
F_y_ini(328)      3.74438    0.0254751
F_y_ini(329)      3.80786    0.0311046
F_y_ini(330)      4.48954    0.0361752
F_y_ini(331)      2.48018   -0.0231396
F_y_ini(332)      2.97803   0.00595677
F_y_ini(333)      5.20488   0.00608318
F_y_ini(334)      2.14482    0.0120552
F_y_ini(335)      1.60835    0.0156101
F_y_ini(336)      2.68096    0.0364884
F_y_ini(337)      3.63669    0.0128756
F_y_ini(338)      5.51972    0.0137755
F_y_ini(339)      3.34405  -0.00308982
F_y_ini(340)      2.87479   -0.0192828
F_y_ini(341)      2.32526    0.0193297
F_y_ini(342)      2.14731    0.0125171
F_y_ini(343)      1.95589   0.00578947
F_y_ini(344)      3.02569   0.00828168
F_y_ini(345)      1.70628  -0.00354606
F_y_ini(346)      3.02298    0.0040473
F_y_ini(347)      5.13137   -0.0113806
F_y_ini(348)      3.37197   -0.0215072
F_y_ini(349)      5.96512   -0.0157902
F_y_ini(350)      4.33238  -0.00445321
F_y_ini(351)      6.56194    0.0843084
F_y_ini(352)      5.19265    -0.299859
F_y_ini(353)      1.16049  -0.00485259
F_y_ini(354)     0.581416    0.0154524
F_y_ini(355)     0.733151    0.0431309
F_y_ini(356)      1.25531    0.0119024
F_y_ini(357)     0.399738   -0.0263478
F_y_ini(358)     0.437953 -9.18794e-05
F_y_ini(359)     0.108864  -0.00793527
F_y_ini(360)      1.18084    0.0185522
F_y_ini(361)     0.599196   -0.0207732
F_y_ini(362)     0.630421    0.0097521
F_y_ini(363)    0.0693025   0.00399929
F_y_ini(364)     0.671532     0.081611
F_y_ini(365)     0.941574    0.0998524
F_y_ini(366)     0.613927  -0.00867025
F_y_ini(367)     0.663416    -0.014069
F_y_ini(368)     0.259509   -0.0552789
F_y_ini(369)    0.0446592    -0.200674
F_y_ini(370)     0.663601  -0.00173914
F_y_ini(371)     0.644434   -0.0277114
F_y_ini(372)     0.424088   -0.0115066
F_y_ini(373)     0.432239   -0.0129722
F_y_ini(374)     0.434982    0.0100539
F_y_ini(375)     0.536672  -0.00785775
F_y_ini(376)     0.516486   -0.0121496
F_y_ini(377)     0.522465   -0.0106311
F_y_ini(378)     0.639658   -0.0126127
F_y_ini(379)     0.665545   -0.0190015
F_y_ini(380)     0.837694   -0.0103249
F_y_ini(381)     0.495176    0.0052119
F_y_ini(382)     0.543027   -0.0327722
F_y_ini(383)     0.291838   -0.0212093
F_y_ini(384)     0.349447   -0.0134177
F_y_ini(385)     0.425195    0.0056517
F_y_ini(386)     0.458813   -0.0124451
F_y_ini(387)     0.310856   0.00286058
F_y_ini(388)     0.542088  0.000867174
F_y_ini(389)     0.407704   -0.0116326
F_y_ini(390)     0.247488  -0.00463392
F_y_ini(391)     0.251257  -0.00452977
F_y_ini(392)     0.221478    0.0309857
F_y_ini(393)     0.188306    0.0203678
F_y_ini(394)     0.256161   -0.0198357
F_y_ini(395)     0.236823  -0.00129596
F_y_ini(396)     0.122242  -0.00672943
F_y_ini(397)     0.303368   -0.0117611
F_y_ini(398)     0.672564    0.0442888
F_y_ini(399)     0.895055   0.00121732
F_y_ini(400)     0.360193    0.0286424
F_y_ini(401)     0.306991    0.0243007
F_y_ini(402)      1.03833    0.0296861
F_y_ini(403)    0.0539603    0.0129906
F_y_ini(404)    0.0825642   0.00631234
F_y_ini(405)     0.899838    0.0227854
F_y_ini(406)     0.817624    0.0339453
F_y_ini(407)     0.722438    0.0373467
F_y_ini(408)      1.23069    0.0447106
F_y_ini(409)     0.470035    0.0528993
F_y_ini(410)     0.809729    0.0444059
F_y_ini(411)     0.976637    0.0408303
F_y_ini(412)      1.18585    0.0329448
F_y_ini(413)      1.22598  0.000665469
F_y_ini(414)     0.655819    0.0128917
F_y_ini(415)      2.40497    0.0099828
F_y_ini(416)      2.11177  -0.00300072
F_y_ini(417)      1.99985  -0.00372736
F_y_ini(418)      1.32958 -3.42386e-05
F_y_ini(419)     0.772464  -0.00890349
F_y_ini(420)      2.45968  -0.00727873
F_y_ini(421)      1.73565   0.00412567
F_y_ini(422)      1.45796   0.00393722
F_y_ini(423)      2.56889    0.0108122
F_y_ini(424)      1.51214   0.00633818
F_y_ini(425)      1.73325    0.0105145
F_y_ini(426)      1.74457   0.00716285
F_y_ini(427)     0.619372   0.00490005
F_y_ini(428)      1.81572   0.00381266
F_y_ini(429)     0.808628  -0.00413012
F_y_ini(430)      2.15067  -0.00900432
F_y_ini(431)      1.47952   -0.0166377
F_y_ini(432)      1.03545    0.0220299
F_y_ini(433)      2.19906    0.0245445
F_y_ini(434)     0.939455    0.0222011
F_y_ini(435)      2.24817   -0.0441718
F_y_ini(436)      1.83526    0.0408109
F_y_ini(437)       1.2493     0.029536
F_y_ini(438)      2.33202    0.0316655
F_y_ini(439)      1.47464    0.0295236
F_y_ini(440)      1.91109    0.0164071
F_y_ini(441)      2.18436    0.0291197
F_y_ini(442)      2.15315    0.0386603
F_y_ini(443)       1.8502    0.0331322
F_y_ini(444)      2.09711   -0.0481986
F_y_ini(445)      1.64491    0.0236332
F_y_ini(446)       2.4058    0.0461283
F_y_ini(447)      1.74596    0.0310554
F_y_ini(448)      1.59493    0.0204398
F_y_ini(449)     0.902507    0.0103991
F_y_ini(450)      1.13899    0.0171322
F_y_ini(451)      1.20814   -0.0277035
F_y_ini(452)      1.48898   -0.0382928
F_y_ini(453)      1.61981    0.0229856
F_y_ini(454)     0.401242   -0.0242674
F_y_ini(455)      1.74257   -0.0479052
F_y_ini(456)      3.22969    0.0580276
F_y_ini(457)       1.5663    0.0355401
F_y_ini(458)      1.55412    0.0308737
F_y_ini(459)      1.17048    0.0135355
F_y_ini(460)      2.04071    0.0317354
F_y_ini(461)      1.98636    0.0243544
F_y_ini(462)     0.313639  -0.00584125
F_y_ini(463)      1.18442    0.0641996
F_y_ini(464)     0.948417      0.13211
F_y_ini(465)      1.03646     0.077139
F_y_ini(466)     0.945409    0.0765504
F_y_ini(467)      1.43346     0.101805
F_y_ini(468)       1.1427    0.0297275
F_y_ini(469)       1.1887    0.0186449
F_y_ini(470)      1.31616   -0.0169609
F_y_ini(471)      1.25934   -0.0510033
F_y_ini(472)      1.31213   -0.0447485
F_y_ini(473)      1.20659    -0.176964
F_y_ini(474)      1.50776    -0.145475
F_y_ini(475)      1.53657    -0.091717
F_y_ini(476)      1.61966   -0.0384563
F_y_ini(477)      1.43753   -0.0708257
F_y_ini(478)      1.17056  -0.00641364
F_y_ini(479)      1.23931   -0.0104385
F_y_ini(480)      1.19448   -0.0293225
F_y_ini(481)      1.19957    0.0326129
F_y_ini(482)      1.14285     0.048532
F_y_ini(483)      1.29636    -0.139893
F_y_ini(484)       1.4518     0.110473
F_y_ini(485)      1.24476   -0.0282176
F_y_ini(486)      1.26452   -0.0452678
F_y_ini(487)     0.924244    0.0141801
F_y_ini(488)      1.13213     0.130598
F_y_ini(489)      1.05856    0.0254469
F_y_ini(490)     0.939729    0.0446344
F_y_ini(491)     0.657832   0.00342032
F_y_ini(492)     0.648961   -0.0211444
F_y_ini(493)     0.629531    -0.074206
F_y_ini(494)     0.746751     0.017913
F_y_ini(495)     0.834532     0.015127
F_y_ini(496)     0.732296    0.0786123
F_y_ini(497)     0.903544    0.0541683
F_y_ini(498)     0.872907    0.0423326
F_y_ini(499)     0.761753   -0.0577611
F_y_ini(500)     0.811082    -0.123523
F_y_ini(501)     0.883045     0.095291
F_y_ini(502)      1.01165    0.0886702
F_y_ini(503)     0.817654    -0.171708
F_y_ini(504)     0.919341  -0.00825437
F_y_ini(505)     0.726108   -0.0116608
F_y_ini(506)     0.718144     0.179754
F_y_ini(507)     0.571528     0.140547
F_y_ini(508)     0.527076   -0.0267389
F_y_ini(509)      1.01611   -0.0555558
F_y_ini(510)     0.945619   -0.0433552
F_y_ini(511)     0.860017   0.00918262
F_y_ini(512)      1.05481    -0.017417
F_y_ini(513)      1.03754  -0.00941892
F_y_ini(514)      1.04185   -0.0154381
F_y_ini(515)      1.03488    0.0316375
F_y_ini(516)      1.16504   0.00440744
F_y_ini(517)      1.09849   -0.0531583
F_y_ini(518)      1.25775   -0.0322889
F_y_ini(519)      1.17824    -0.100952
F_y_ini(520)      1.28652   -0.0154499
F_y_ini(521)      1.05561   -0.0284715
F_y_ini(522)      1.07913    0.0213036
F_y_ini(523)     0.890203    -0.106417
F_y_ini(524)      1.11413    0.0504569
F_y_ini(525)      1.09101    -0.062566
F_y_ini(526)      1.18249    -0.169312
F_y_ini(527)      1.26401   -0.0358321
F_y_ini(528)       1.1863   -0.0332103
F_y_ini(529)      1.68143   -0.0756794
F_y_ini(530)       1.4216   -0.0774187
F_y_ini(531)      1.51779     -0.10638
F_y_ini(532)      1.35683   -0.0698787
F_y_ini(533)      1.49579   -0.0716358
F_y_ini(534)      1.24795   -0.0244771
F_y_ini(535)      1.24563   -0.0464514
F_y_ini(536)      1.22684   -0.0212928
F_y_ini(537)      1.21033   0.00163341
F_y_ini(538)      1.30398    0.0167372
F_y_ini(539)      1.11491    0.0593095
F_y_ini(540)      1.12881     0.063796
F_y_ini(541)     0.966229    0.0392254
F_y_ini(542)      1.10898    0.0540005
F_y_ini(543)      1.24035    0.0609247
F_y_ini(544)      1.08556     0.010829
F_y_ini(545)      1.23112  -0.00560862
F_y_ini(546)      1.12857   0.00391839
F_y_ini(547)      1.10057   -0.0137678
F_y_ini(548)      1.05033   -0.0559905
F_y_ini(549)      1.26447     -0.07504
F_y_ini(550)      1.29028   -0.0581378
F_y_ini(551)       1.3153   -0.0356986
F_y_ini(552)      1.47317   -0.0513792
F_y_ini(553)      1.09635   -0.0661867
F_y_ini(554)      0.75029   -0.0275362
F_y_ini(555)     0.468214     0.073893
F_q_ini[47](3)      1.06939     -2.41981
F_q_ini[48](3)      1.58979      6.62436
F_q_ini[49](3)     0.674534      1.44292
F_q_ini[50](1)    0.0839361      6.95388
F_q_ini[50](2)    0.0552817      13.3009
F_q_ini[50](3)     0.134969      1.61095
F_q_ini[51](1)    0.0840678      19.9383
F_q_ini[51](2)    0.0937416      12.8571
F_q_ini[51](3)     0.235936      219.867
F_q_ini[52](1)    0.0664789       7.3418
F_q_ini[52](2)     0.134987      7.31944
F_q_ini[52](3)     0.352517      2.32556
F_q_ini[61](2)      3.62342     0.834446
F_q_ini[62](2)      8.00012    -0.264102
F_q_ini[63](2)      3.57932     -2.72717
F_q_ini[64](2)      11.3288    -0.269846
F_q_ini[65](3)    0.0317411     -1.69644
F_q_ini[66](3)    0.0510275       17.077
F_q_ini[67](1)     0.074523    -0.958503
F_q_ini[67](2)    0.0623584      1.60612
F_q_ini[67](3)     0.183463      3.71891
F_q_ini[68](1)   0.00331891      3.46989
F_q_ini[68](2)    0.0248793      4.18744
F_q_ini[68](3)     0.116104      4.48364
F_q_ini[69](1)     0.103093    -0.175492
F_q_ini[69](2)     0.137393   -0.0729577
F_q_ini[69](3)     0.138178      1.42657
F_q_ini[70](1)   0.00426328     -7.32962
F_q_ini[70](2)    0.0327245    -0.041047
F_q_ini[70](3)    0.0875562      3.02761
F_q_ini[71](1)    0.0161796      3.45881
F_q_ini[71](2)      3.43508 -1.54472e-08
F_q_ini[71](3)     0.265187       16.324
F_q_ini[72](1)    0.0356505     -6.06206
F_q_ini[72](2)      3.43508 -1.54472e-08
F_q_ini[72](3)     0.133289     -12.0745
F_q_ini[73](1)    0.0621137     -7.79153
F_q_ini[73](2)      3.43508 -1.54472e-08
F_q_ini[73](3)      0.11829       3.5771
log_F_a_ini(1)     -1.26984    0.0132254
log_F_a_ini(2)     -1.82054   -0.0099773
log_F_a_ini(3)     -2.41803   -0.0171923
log_F_a_ini(4)    -0.259858    0.0430065
log_F_a_ini(5)      -0.2429    0.0324889
log_F_a_ini(6)    -0.900323  -0.00173826
log_F_a_ini(7)    -0.226907    0.0589031
log_F_a_ini(8)    0.0386268    0.0376268
log_F_a_ini(9)    -0.308239   -0.0022538
log_F_a_ini(10)    -0.420021    0.0314744
log_F_a_ini(11)   -0.0772006    0.0527268
log_F_a_ini(12)    -0.391562   0.00869543
log_F_a_ini(13)    -0.550231   0.00367341
log_F_a_ini(14)    -0.239787    0.0204934
log_F_a_ini(15)     -0.40131    0.0269341
log_F_a_ini(16)    -0.583919    0.0011198
log_F_a_ini(17)    -0.495448   0.00952934
log_F_a_ini(18)    -0.683423   0.00217862
log_F_a_ini(19)    -0.557046   0.00315074
log_F_a_ini(20)    -0.825725  0.000889594
log_F_a_ini(21)     -1.13759    0.0076958
log_F_a_ini(22)    -0.711853  -0.00819565
log_F_a_ini(23)     -1.38597  -0.00805416
log_F_a_ini(24)     -1.79798   -0.0026682
log_F_a_ini(25)    -0.578544  -0.00161385
log_F_a_ini(26)     -2.66643  -0.00108176
log_F_a_ini(27)     -3.36485   0.00163671
log_F_a_ini(28)     -2.88816   -0.0148924
log_F_a_ini(29)     -3.69289  -0.00702837
log_F_a_ini(30)     -5.83447  -0.00319301
log_F_a_ini(31)     -1.49527  -0.00951428
log_F_a_ini(32)     -2.34421   -0.0141932
log_F_a_ini(33)     -3.10833  -0.00332935
log_F_a_ini(34)    -0.472067   -0.0248064
log_F_a_ini(35)     -1.28708  -0.00286403
log_F_a_ini(36)     -2.03739   0.00489452
log_F_a_ini(37)    0.0570936   -0.0276906
log_F_a_ini(38)    -0.893049  -0.00932868
log_F_a_ini(39)     -1.47629  -0.00846515
log_F_a_ini(40)     0.242546   -0.0184717
log_F_a_ini(41)    -0.777591  -0.00732818
log_F_a_ini(42)     -1.28637   0.00585989
log_F_a_ini(43)     0.266256  7.02559e-05
log_F_a_ini(44)    -0.893535  -0.00234706
log_F_a_ini(45)     -1.32688   0.00283545
log_F_a_ini(46)     -2.95644  -0.00437194
log_F_a_ini(47)     -3.77795  -0.00510068
log_F_a_ini(48)     -4.54033  -0.00580613
log_F_a_ini(49)     -1.85227   -0.0115317
log_F_a_ini(50)     -1.97792   -0.0182737
log_F_a_ini(51)     -2.17322   -0.0155333
log_F_a_ini(52)    -0.636422   -0.0174441
log_F_a_ini(53)     -0.45613  -0.00917565
log_F_a_ini(54)    -0.651126   -0.0117805
log_F_a_ini(55)    -0.133509   -0.0183853
log_F_a_ini(56)    -0.105493   -0.0221441
log_F_a_ini(57)   -0.0313283   -0.0242958
log_F_a_ini(58)    -0.141416  -0.00620439
log_F_a_ini(59)      -0.0392   -0.0251995
log_F_a_ini(60)     0.156261  -0.00842751
log_F_a_ini(61)    -0.176772    0.0105434
log_F_a_ini(62)    -0.033301   -0.0111102
log_F_a_ini(63)      0.16959   0.00910331
log_F_a_ini(64)    -0.233352  -0.00126584
log_F_a_ini(65)    -0.184089  -0.00805028
log_F_a_ini(66)     0.055652     0.004161
log_F_a_ini(67)    -0.335393 -0.000126502
log_F_a_ini(68)    -0.242208  -0.00142547
log_F_a_ini(69)     0.193898 -0.000312608
log_F_a_ini(70)    -0.965571   -0.0137953
log_F_a_ini(71)     -1.72665   -0.0177317
log_F_a_ini(72)    -0.571758   -0.0064404
log_F_a_ini(73)    -0.811077   -0.0187647
log_F_a_ini(74)    -0.721017  -0.00539645
log_F_a_ini(75)    -0.555449   -0.0199879
log_F_a_ini(76)    -0.879198     0.011578
log_F_a_ini(77)    -0.554711  -0.00699339
log_F_a_ini(78)    -0.965199   -0.0106298
log_F_a_ini(79)    -0.634984   -0.0146033
log_F_a_ini(80)     -1.08777  -0.00235043
log_F_a_ini(81)     -0.75996  0.000948974
log_F_a_ini(82)     -3.72937 -0.000674853
log_F_a_ini(83)     -3.40995   -0.0077454
log_F_a_ini(84)     -3.97031   0.00149203
log_F_a_ini(85)     -3.18788  -0.00109822
log_F_a_ini(86)     -2.55765  -0.00296111
log_F_a_ini(87)     -2.60741  0.000701848
log_F_a_ini(88)     -2.69076   0.00162063
log_F_a_ini(89)     -2.04963   0.00246428
log_F_a_ini(90)     -1.76351   0.00116623
log_F_a_ini(91)     -2.15124   0.00354862
log_F_a_ini(92)      -1.6868   0.00271154
log_F_a_ini(93)     -1.34395 -0.000403889
log_F_a_ini(94)      -2.1476 -0.000237861
log_F_a_ini(95)     -1.53616   -0.0176353
log_F_a_ini(96)     -1.00818   0.00225069
log_F_a_ini(97)     -2.09047 -5.48931e-05
log_F_a_ini(98)     -1.46473  -0.00191501
log_F_a_ini(99)    -0.801607 -0.000520047
log_F_a_ini(100)     -2.05004  -0.00696274
log_F_a_ini(101)     -1.29103   0.00776095
log_F_a_ini(102)    -0.535466    0.0173417
log_F_a_ini(103)     -1.07977   -0.0925746
log_F_a_ini(104)     -2.59234     0.140059
log_F_a_ini(105)     -2.54939   -0.0798527
log_F_a_ini(106)    0.0931793    0.0570261
log_F_a_ini(107)     -1.41299     0.167413
log_F_a_ini(108)      -2.5546    0.0336136
log_F_a_ini(109)     0.427665    0.0538907
log_F_a_ini(110)    -0.974009     0.165746
log_F_a_ini(111)     -1.60047    0.0498004
log_F_a_ini(112)      0.40759    0.0411664
log_F_a_ini(113)     -0.88001     0.157247
log_F_a_ini(114)     -1.09628    0.0263697
log_F_a_ini(115)     0.211438    0.0394298
log_F_a_ini(116)    -0.779071     0.143057
log_F_a_ini(117)    -0.784673   0.00804021
log_F_a_ini(118)     0.210621    0.0683382
log_F_a_ini(119)    -0.843415     0.285679
log_F_a_ini(120)    -0.389909   -0.0199113
log_F_a_ini(121)       -6.696      -0.1113
log_F_a_ini(122)     -14.6623     0.202748
log_F_a_ini(123)     -4.73431     -0.28575
log_F_a_ini(124)     -5.14372    0.0603294
log_F_a_ini(125)     -4.38413    -0.280976
log_F_a_ini(126)     -4.55571    -0.156416
log_F_a_ini(127)     -4.33849    -0.205155
log_F_a_ini(128)     -4.44288    0.0698441
log_F_a_ini(129)      -6.9129   0.00839557
log_F_a_ini(130)       -6.954  -0.00459207
log_F_a_ini(131)     -3.66853   0.00562509
log_F_a_ini(132)      -2.7382   0.00807651
log_F_a_ini(133)     -2.98928   -0.0231709
log_F_a_ini(134)     -2.49164   0.00915808
log_F_a_ini(135)     -2.82478   -0.0507447
log_F_a_ini(136)     -2.22813    0.0111774
log_F_a_ini(137)     -1.28522   -0.0216922
log_F_a_ini(138)     -3.57355    0.0129616
log_F_a_ini(139)     0.942975   -0.0444063
log_F_a_ini(140)    0.0502728    0.0286005
log_F_a_ini(141)      1.70533    0.0171749
log_F_a_ini(142)       1.1277    0.0243072
log_F_a_ini(143)    -0.343613    0.0543211
log_F_a_ini(144)     0.788173     0.178643
log_F_a_ini(145)     -2.23858  -0.00473801
log_F_a_ini(146)     -2.58862   -0.0115233
log_F_a_ini(147)      -2.7509    0.0618859
log_F_a_ini(148)     -1.42034  -0.00427863
log_F_a_ini(149)      -1.1236    0.0121199
log_F_a_ini(150)     -1.61205    0.0091324
log_F_a_ini(151)     -1.25566    0.0068171
log_F_a_ini(152)    -0.961241    0.0112243
log_F_a_ini(153)      -1.3762   0.00149898
log_F_a_ini(154)      -1.1632  -0.00550987
log_F_a_ini(155)    -0.860084   0.00983042
log_F_a_ini(156)     -1.21366   0.00376469
log_F_a_ini(157)     -1.17147   0.00738957
log_F_a_ini(158)    -0.809639   0.00419031
log_F_a_ini(159)     -1.23487  -0.00186223
log_F_a_ini(160)     -1.29051  -0.00246264
log_F_a_ini(161)    -0.840041   0.00528008
log_F_a_ini(162)     -1.44615  -0.00208838
log_F_a_ini(163)     -1.48709   -0.0172264
log_F_a_ini(164)     -1.23111  -0.00258261
log_F_a_ini(165)     -1.99005   0.00420918
log_F_a_ini(166)     -6.21268  -0.00773384
log_F_a_ini(167)     -4.04769   -0.0111582
log_F_a_ini(168)     -1.60232   0.00519173
log_F_a_ini(169)     -1.65804   -0.0267371
log_F_a_ini(170)    -0.562892 -0.000111154
log_F_a_ini(171)    -0.867309   -0.0328384
log_F_a_ini(172)     -0.51933    -0.005456
log_F_a_ini(173)    -0.669237   -0.0457738
log_F_a_ini(174)    -0.723503  -0.00971588
log_F_a_ini(175)    -0.651376   -0.0220856
log_F_a_ini(176)    -0.799701  -0.00549756
log_F_a_ini(177)    -0.726327    -0.022745
log_F_a_ini(178)     -1.04912  -0.00759072
log_F_a_ini(179)    -0.827713   0.00424721
qq_ini(1,1)     0.820274     -3.10622
qq_ini(1,2)      4.56356      1.19105
qq_ini(1,3)       7.4778   -0.0912503
qq_ini(1,4)      8.59649     -1.64131
qq_ini(2,0)     0.240054     -3.75545
qq_ini(2,1)      2.32554     0.537616
qq_ini(2,2)      4.72188      0.75689
qq_ini(2,3)      6.53524     0.377809
qq_ini(2,4)      6.03182     -1.31923
qq_ini(3,1)      1.46732     0.422538
qq_ini(3,2)      4.63643      2.85022
qq_ini(3,3)      4.90693     -1.14116
qq_ini(3,4)      3.86703     0.221505
qq_ini(4,0)      1.44913     0.299807
qq_ini(4,1)      4.20836     0.890902
qq_ini(4,2)      4.96296    -0.475205
qq_ini(4,3)      3.97633    -0.063005
qq_ini(4,4)       3.5139     0.572457
qq_ini(5,1)      35.4218    -0.841594
qq_ini(5,2)      64.9097     0.109295
qq_ini(5,3)      69.3707   -0.0402675
qq_ini(5,4)      47.4691     -9.86408
qq_ini(6,0)      30.9251     0.432463
qq_ini(6,1)      61.3009     0.026733
qq_ini(6,2)      61.7708     -1.21838
qq_ini(7,3)     0.951684      15.9363
qq_ini(8,1)      1.08337     -6.73276
qq_ini(9,1)      0.93997      1.32931
qq_ini(9,2)     0.943007    -0.671401
qq_ini(9,3)      1.19546     -2.55136
qq_ini(10,1)      10.8099     0.299161
qq_ini(11,0)     0.472337    -0.516279
qq_ini(12,0)      47.7712     0.213912
qq_ini(12,1)       53.092     0.537951
qq_ini(13,1)      1.37654    -0.733659
qq_ini(13,2)      1.93053     0.939558
qq_ini(13,3)      2.09299     0.495689
qq_ini(14,1)      2.54027   -0.0240825
qq_ini(14,2)      3.80137    -0.660159
qq_ini(14,3)      3.42514      0.21884
qq_ini(15,0)        3.482   -0.0495187
qq_ini(16,1)      4.11553    -0.105953
qq_ini(16,2)      9.15761    -0.636025
qq_ini(16,3)      12.4632      5.63004
qq_ini(17,0)     0.289054       -2.579
qq_ini(17,1)      1.29292     0.740493
qq_ini(18,1)      0.37466      5.12018
qq_ini(18,2)     0.782194     0.199866
qq_ini(18,3)     0.910644      1.94254
qq_ini(19,1)      1.10446     -6.16881
qq_ini(19,2)      1.82474      1.01482
qq_ini(19,3)      2.59392     -1.69107
qq_ini(20,0)      1.20142     0.785406
qq_ini(20,1)      3.50144   -0.0392009
qq_ini(21,1)      1.83568     0.348635
qq_ini(21,2)      2.98107    -0.457864
qq_ini(21,3)      5.57253      1.21796
qq_ini(22,2)      4.15612     0.325015
qq_ini(22,3)       5.3249   -0.0418667
qq_ini(23,0)      3.22786    -0.544843
qq_ini(23,1)      3.66455     0.101225
qq_ini(24,1)      13.1059     0.107136
qq_ini(24,2)      24.9056    -0.183206
qq_ini(24,3)      44.3836     0.272144
qq_ini(25,1)       4.7809   -0.0540951
qq_ini(25,2)      13.7575    -0.764322
qq_ini(25,3)      19.8177     0.338457
qq_ini(26,1)      9.36774  -0.00360485
qq_ini(26,2)      11.5846     -1.28728
qq_ini(26,3)      8.70734      3.62309
qq_ini(27,1)      1.48162      2.34771
qq_ini(27,2)      1.67651     0.360512
qq_ini(27,3)     0.856444    -0.190758
qq_ini(27,4)     0.177467         2.72
qq_ini(28,1)      3.18457     -3.07036
qq_ini(28,2)      4.57558     -3.44897
qq_ini(28,3)       5.5804     0.489904
qq_ini(28,4)      7.18358     -24.2126
qq_ini(29,1)     0.069451      12.6778
qq_ini(29,2)     0.517473     -12.3665
qq_ini(29,3)      1.12911     -3.35966
qq_ini(29,4)      1.45027     -1.61042
qq_ini(29,5)      1.75465     0.403786
qq_ini(30,1)      16.9499     0.200602
qq_ini(30,2)      10.8723     0.286134
qq_ini(30,3)       3.5587    0.0997088
qq_ini(30,4)     0.976135    -0.848809
qq_ini(30,5)     0.174889      4.42959
qq_ini(31,1)      7.57792    -0.229267
qq_ini(31,2)      2.26154      3.19097
qq_ini(31,3)      1.09679      1.88661
qq_ini(31,4)     0.399298    0.0992749
qq_ini(32,0)     0.680928     -2.31335
qq_ini(33,1)      25.4896    -0.233611
qq_ini(33,2)       23.116    0.0848821
qq_ini(33,3)      17.7613   -0.0197846
qq_ini(33,4)      15.3159    -0.571946
qq_ini(34,1)      1.85939    -0.120009
qq_ini(34,2)     0.762158     0.527337
qq_ini(34,3)     0.245197       1.0322
qq_s2_ini(1,1)      0.25319   0.00181297
qq_s2_ini(1,2)    0.0922679   -0.0220301
qq_s2_ini(1,3)       0.1411   -0.0280572
qq_s2_ini(2,1)      1.30499     0.015743
qq_s2_ini(2,2)     0.200188   0.00665167
qq_s2_ini(2,3)     0.190584   0.00814852
qq_s2_ini(3,1)      0.22194    -0.012854
qq_s2_ini(3,2)     0.126224   -0.0637893
qq_s2_ini(4,1)     0.466538    0.0104976
qq_s2_ini(4,2)     0.174031    0.0104288
qq_s2_ini(4,3)    0.0844981    0.0441374
qq_s2_ini(5,1)     0.121213   0.00547387
qq_s2_ini(5,2)      0.18958    0.0528601
qq_s2_ini(6,1)      0.20868    0.0146263
qq_s2_ini(6,2)     0.129102 -0.000994038
qq_s2_ini(6,3)     0.288366     0.037322
qq_s2_ini(7,1)     0.236226     0.142062
qq_s2_ini(8,1)     0.245752   -0.0574306
qq_s2_ini(9,1)     0.217553    0.0102359
qq_s2_ini(9,2)    0.0599203  0.000154383
qq_s2_ini(9,3)    0.0983513   -0.0328761
qq_s2_ini(10,1)     0.137071    0.0141025
qq_s2_ini(11,1)     0.189998   -0.0744866
qq_s2_ini(12,1)     0.634966   0.00573572
qq_s2_ini(12,2)     0.756608    -0.013965
qq_s2_ini(13,1)     0.297085     0.147543
qq_s2_ini(14,1)     0.480557   0.00139002
qq_s2_ini(14,2)     0.491202    0.0172944
qq_s2_ini(15,1)       1.6529 -0.000358398
qq_s2_ini(16,1)     0.559263     0.210511
qq_s2_ini(16,2)      1.28082    -0.147526
qq_s2_ini(17,1)     0.646264   -0.0051675
qq_s2_ini(17,2)     0.815185  -0.00751591
qq_s2_ini(18,1)     0.399488   0.00797389
qq_s2_ini(18,2)     0.131697  -0.00546932
qq_s2_ini(19,1)     0.171833   0.00264963
qq_s2_ini(20,1)     0.582196   0.00778116
qq_s2_ini(20,2)     0.214683  -0.00434377
qq_s2_ini(21,1)     0.312818   -0.0212752
qq_s2_ini(21,2)       0.1616  -0.00307132
qq_s2_ini(22,1)     0.253359    0.0117538
qq_s2_ini(22,2)     0.654914   -0.0200308
qq_s2_ini(23,1)     0.760211   0.00626103
qq_s2_ini(23,2)     0.163051   0.00743008
qq_s2_ini(24,1)     0.217139    0.0115414
qq_s2_ini(24,2)     0.296754    0.0127572
qq_s2_ini(25,1)     0.488861   0.00681067
qq_s2_ini(25,2)     0.268918  -0.00228829
qq_s2_ini(26,1)     0.215007   -0.0249631
qq_s2_ini(26,2)    0.0771471   0.00172971
qq_s2_ini(27,1)     0.201604    0.0114391
qq_s2_ini(27,2)     0.532935   0.00231662
qq_s2_ini(27,3)     0.341858    0.0124177
qq_s2_ini(28,1)    0.0887686    0.0169015
qq_s2_ini(28,2)    0.0556774    0.0122248
qq_s2_ini(28,3)     0.128463   -0.0141591
qq_s2_ini(29,1)     0.122927   0.00131705
qq_s2_ini(29,2)    0.0535297  -0.00960067
qq_s2_ini(29,3)     0.181179   -0.0149802
qq_s2_ini(30,1)     0.165738   0.00016822
qq_s2_ini(30,2)     0.845671   0.00734078
qq_s2_ini(30,3)        1.322  -0.00595475
qq_s2_ini(31,1)     0.145054   -0.0157433
qq_s2_ini(31,2)     0.666076   0.00576005
qq_s2_ini(31,3)      1.87824  -0.00122303
qq_s2_ini(32,1)     0.226968  -0.00684894
qq_s2_ini(33,1)     0.218103  -0.00232319
qq_s2_ini(33,2)     0.157362   -0.0178374
qq_s2_ini(33,3)     0.163781     0.010934
qq_s2_ini(33,4)     0.435088     0.022268
qq_s2_ini(34,1)     0.401086   -0.0150017
qq_s2_ini(34,2)     0.437199  -0.00602633
qq_s2_ini(34,3)      1.31383   -0.0337364
SSB_R_alfa(16)      2.71021       1.7674
SSB_R_alfa(17)      4.02492      3.26689
SSB_R_alfa(18)      14.2321    -0.827398
SSB_R_alfa(19)      12.1165     -15.3707
SSB_R_alfa(20)       15.235      1.41412
SSB_R_alfa(21)      18.5579     0.891071
SSB_R_alfa(22)      1188.12   0.00112519
SSB_R_alfa(23)      1438.28  0.000938165
SSB_R_alfa(24)      5.71974      4.46224
SSB_R_alfa(25)      6.80809    -0.816698
SSB_R_alfa(26)      8.79747     -1.82027
SSB_R_alfa(27)      6.68895   -0.0566424
SSB_R_beta_ini(1)    0.0140064     -1853.75
SSB_R_beta_ini(2)     0.353982      71.0543
SSB_R_beta_ini(3)      1.62327     -2.50409
SSB_R_beta_ini(4)     0.910853     -18.1604
SSB_R_beta_ini(5)      2.43441     -9.68543
catch_s2_ini(1)     0.328843   -0.0144807
catch_s2_ini(2)    0.0187669    -0.108127
catch_s2_ini(3)    0.0633339    -0.115753
catch_s2_ini(4)     0.890292   -0.0204227
catch_s2_ini(5)      1.48823  -0.00209905
catch_s2_ini(6)    0.0552434    0.0118368
catch_s2_ini(7)     0.150307    0.0171057
catch_s2_ini(8)     0.923322  -0.00188869
catch_s2_ini(9)     0.246537   -0.0300895
catch_s2_ini(10)    0.0610917    0.0144126
catch_s2_ini(11)     0.138827     0.044792
catch_s2_ini(12)     0.771948   0.00561107
catch_s2_ini(13)      0.25348   0.00211518
catch_s2_ini(14)    0.0316706  -0.00100585
catch_s2_ini(15)    0.0602134    -0.119836
catch_s2_ini(16)     0.236797    0.0159511
catch_s2_ini(17)     0.188244   -0.0149863
catch_s2_ini(18)    0.0412803    -0.131196
catch_s2_ini(19)     0.732685   -0.0926831
catch_s2_ini(20)     0.785466   -0.0557347
catch_s2_ini(21)     0.514398   -0.0574159
catch_s2_ini(22)     0.657201   -0.0648181
catch_s2_ini(23)      0.82022  -0.00159889
catch_s2_ini(24)     0.452088   -0.0817356
catch_s2_ini(25)     0.232505   -0.0576316
catch_s2_ini(26)     0.891564   0.00568454
catch_s2_ini(27)     0.354424    -0.154674
catch_s2_ini(28)     0.915273   -0.0855282
catch_s2_ini(29)            2    0.0914606
catch_s2_ini(30)     0.108364    0.0274549
catch_s2_ini(31)     0.583392     0.250828
catch_s2_ini(32)      1.97742     0.754577
catch_s2_ini(33)     0.124744   -0.0134166
catch_s2_ini(34)      0.61051  -0.00564435
catch_s2_ini(35)       1.9998     0.447882
catch_s2_ini(36)     0.994565   -0.0045388
catch_s2_ini(37)      1.98695    0.0174576
catch_s2_ini(38)     0.905015   0.00622593
catch_s2_ini(39)      1.84498   0.00313854
catch_s2_ini(40)     0.399389    0.0120148
catch_s2_ini(41)      1.16373     -0.01667
catch_s2_ini(42)            2   0.00350706
catch_s2_ini(43)     0.339333    0.0116719
catch_s2_ini(44)      1.24481  -0.00856063
catch_s2_ini(45)      1.25666  0.000659956
catch_s2_ini(46)     0.476982  -0.00315935
catch_s2_ini(47)       1.9999    0.0812775
catch_s2_ini(48)      1.66916   0.00818207
catch_s2_ini(49)            2    0.0101978
catch_s2_ini(50)      0.66411  -0.00432261
catch_s2_ini(51)      1.00223   0.00353178
catch_s2_ini(52)     0.574355  -0.00310453
catch_s2_ini(53)      1.64535  -0.00847569
catch_s2_ini(54)      0.17784   -0.0194251
catch_s2_ini(55)    0.0589196   0.00112612
catch_s2_ini(56)    0.0629706    0.0322353
catch_s2_ini(57)      1.99991  -0.00663147
catch_s2_ini(58)     0.158413   0.00494854
catch_s2_ini(59)    0.0349345   -0.0086839
SSB_R_s2_ini(16)     0.361706    0.0489383
SSB_R_s2_ini(17)     0.154177   -0.0577506
SSB_R_s2_ini(18)      1.18995  3.35109e-05
SSB_R_s2_ini(19)     0.140224     0.274131
SSB_R_s2_ini(20)     0.259953   -0.0306865
SSB_R_s2_ini(21)     0.473105      0.31349
SSB_R_s2_ini(22)     0.736589     0.567575
SSB_R_s2_ini(23)     0.579803  -0.00422863
SSB_R_s2_ini(24)     0.526519  -0.00329993
SSB_R_s2_ini(25)     0.313957    0.0452133
SSB_R_s2_ini(26)     0.113182    -0.173726
SSB_R_s2_ini(27)     0.280842   -0.0776334
